1 56
2 15
3 19
3 25
3 73
4 16
4 17
4 75
5 8
5 21
6 20
6 44
6 127
6 129
7 9
7 31
8 10
9 74
10 15
10 65
11 17
11 18
11 21
12 22
13 122
14 21
14 34
14 92
15 16
18 23
19 95
21 114
22 24
23 24
23 26
23 29
25 65
25 114
26 29
26 30
27 34
27 35
28 111
30 82
31 87
32 105
33 36
34 36
34 78
36 95
36 105
36 107
37 58
37 80
37 133
38 86
39 40
39 46
41 50
41 132
42 55
42 130
43 76
45 138
46 47
47 50
47 136
48 90
49 66
50 119
51 120
52 115
53 91
54 138
55 107
56 68
56 70
57 72
58 125
59 62
60 61
61 69
61 70
62 63
63 71
64 133
65 74
65 81
66 108
67 70
67 86
68 71
72 75
73 129
75 133
82 79
83 79
83 81
83 118
84 125
85 124
86 89
88 90
88 77
89 112
89 135
91 80
76 79
77 80
92 116
93 112
94 101
94 105
94 111
94 112
96 121
97 125
98 111
98 131
99 107
99 112
100 101
100 114
100 137
102 113
103 124
104 113
104 117
105 110
105 120
105 124
106 113
106 114
106 124
106 125
107 118
108 118
108 119
109 115
109 118
112 117
112 131
113 125
114 118
114 123
114 125
115 121
116 138
117 125
117 126
122 124
127 128
132 134
134 136
135 139
136 137
136 138
