1 2
1 4
1 5
1 36
2 3
2 4
2 5
3 5
3 12
3 63
4 26
6 7
6 8
6 9
6 10
7 8
7 9
7 10
7 37
8 9
8 10
9 66
11 12
11 13
11 14
11 15
12 13
12 14
12 59
13 14
13 15
14 15
16 17
16 19
17 18
17 20
17 30
18 19
18 20
19 20
21 22
21 23
21 24
21 25
22 23
22 24
23 25
23 77
24 25
26 27
26 28
26 29
26 30
27 28
27 29
27 30
28 29
28 41
29 68
31 32
31 33
31 34
31 35
31 67
32 33
32 34
32 35
33 34
33 35
34 35
36 37
36 38
36 39
36 40
37 38
37 40
38 39
38 40
39 40
41 42
41 44
41 45
42 43
42 44
42 45
42 54
43 44
43 45
44 45
46 47
46 90
46 49
46 50
47 48
47 50
47 88
48 49
48 50
49 50
49 87
50 87
51 52
51 53
51 54
51 55
52 54
52 55
52 76
53 54
53 55
56 57
56 58
56 59
56 60
57 58
57 59
57 60
58 89
59 93
61 62
61 63
61 64
61 65
62 64
62 65
63 65
64 65
66 67
66 70
66 76
66 81
67 68
67 69
68 69
68 70
69 70
71 72
71 74
71 75
72 73
72 74
72 80
73 74
73 75
74 75
76 77
76 78
77 78
77 79
77 80
78 79
78 80
79 80
79 82
81 82
81 83
81 84
82 84
82 85
83 84
83 85
84 85
86 87
86 89
86 90
87 90
88 89
89 90
91 92
91 94
91 95
92 93
92 94
92 95
93 94
93 95
86 47
