B 01020132010432104342132340412304
B 00000 00001 00011 00010 00110 00111 00101 01101 01001 01000 01010 01011 11011 10011 10111 10101 10100 00100 01100 11100 11000 11010 10010 10110 11110 01110 01111 11111 11101 11001 10001 10000
B 01020312403024041232414013234013
B 00000 00001 00011 00010 00110 00111 01111 01101 01001 11001 11000 10000 10001 10101 00101 00100 10100 10110 10010 11010 11110 01110 01100 11100 11101 11111 10111 10011 11011 01011 01010 01000
B 01020314203024041234214103234103
B 00000 00001 00011 00010 00110 00111 01111 01101 11101 11001 11000 10000 10001 10101 00101 00100 10100 10110 10010 11010 01010 01110 01100 11100 11110 11111 10111 10011 11011 01011 01001 01000
B 01020314203240421034214130324103
B 00000 00001 00011 00010 00110 00111 01111 01101 11101 11001 11000 10000 10100 00100 00101 10101 10001 10011 10010 11010 01010 01110 01100 11100 11110 10110 10111 11111 11011 01011 01001 01000
B 01020341202343142320143201043104
B 00000 00001 00011 00010 00110 00111 01111 11111 11101 11001 11000 11100 10100 00100 01100 01110 11110 11010 10010 10110 10111 10101 00101 01101 01001 01000 01010 01011 11011 10011 10001 10000
B 01023412032403041230341012340124
B 00000 00001 00011 00010 00110 01110 11110 11100 11000 11001 10001 10101 00101 00100 01100 01101 11101 11111 11011 10011 10010 11010 01010 01000 01001 01011 01111 00111 10111 10110 10100 10000
B 01201321402314340232134021431041
B 00000 00001 00011 00111 00110 00100 01100 01000 01010 11010 11011 11111 10111 10101 00101 01101 11101 11100 11000 10000 10100 10110 11110 01110 01111 01011 01001 11001 10001 10011 10010 00010
B 01203041230314043210403202413241
B 00000 00001 00011 00111 00110 01110 01111 11111 11101 11001 10001 10000 11000 11010 01010 01011 11011 10011 10111 10101 10100 00100 00101 01101 01001 01000 01100 11100 11110 10110 10010 00010
B 01203104213043421310342104302402
B 00000 00001 00011 00111 00110 01110 01100 01101 11101 11001 11011 10011 10010 00010 01010 11010 11110 11100 10100 10110 10111 11111 01111 01011 01001 01000 11000 10000 10001 10101 00101 00100
B 01230121430214340230341420314121
B 00000 00001 00011 00111 01111 01110 01100 01000 01010 11010 10010 10011 10111 10101 00101 01101 11101 11100 11000 10000 10001 11001 01001 01011 11011 11111 11110 10110 10100 00100 00110 00010
B 01230124234140231410343201434204
B 00000 00001 00011 00111 01111 01110 01100 01000 11000 11100 10100 00100 00110 10110 10111 10011 11011 11001 01001 01011 01010 00010 10010 11010 11110 11111 11101 01101 00101 10101 10001 10000
B 01230401231340413234202341024212
B 00000 00001 00011 00111 01111 01110 11110 11111 11101 11001 10001 10011 11011 01011 01010 11010 11000 10000 10100 11100 01100 01000 01001 01101 00101 10101 10111 10110 10010 00010 00110 00100
B 01230401232430423134101432014121
B 00000 00001 00011 00111 01111 01110 11110 11111 11101 11001 10001 10101 00101 01101 01100 11100 11000 10000 10010 11010 01010 01000 01001 01011 11011 10011 10111 10110 10100 00100 00110 00010
B 01230412320434120343014312041323
B 00000 00001 00011 00111 01111 01110 11110 11100 11000 10000 10100 10101 00101 01101 11101 11111 11011 11010 10010 00010 01010 01011 01001 11001 10001 10011 10111 10110 00110 00100 01100 01000
B 01234010232430124313401432014121
B 00000 00001 00011 00111 01111 11111 11110 11100 11101 11001 10001 10101 00101 01101 01100 01110 01010 11010 10010 10000 11000 01000 01001 01011 11011 10011 10111 10110 10100 00100 00110 00010
B 01234010232430201432014132413141
B 00000 00001 00011 00111 01111 11111 11110 11100 11101 11001 10001 10101 00101 01101 01100 01000 01001 01011 11011 10011 10111 10110 10100 00100 00110 01110 01010 11010 11000 10000 10010 00010
