0.00 0.00 10
20.00 0.00 10
10.00 17.32 10
-10.00 17.32 10
-20.00 -0.00 10
-10.00 -17.32 10
10.00 -17.32 10
30.00 -17.32 10
40.00 0.00 10
30.00 17.32 10
20.00 34.64 10
0.00 34.64 10
-20.00 34.64 10
-30.00 17.32 10
-40.00 -0.00 10
-30.00 -17.32 10
-20.00 -34.64 10
-0.00 -34.64 10
20.00 -34.64 10
40.00 -34.64 10
50.00 -17.32 10
60.00 0.00 10
50.00 17.32 10
40.00 34.64 10
30.00 51.96 10
10.00 51.96 10
-10.00 51.96 10
-30.00 51.96 10
-40.00 34.64 10
-50.00 17.32 10
-60.00 -0.00 10
-50.00 -17.32 10
-40.00 -34.64 10
-30.00 -51.96 10
-10.00 -51.96 10
10.00 -51.96 10
30.00 -51.96 10
70.00 17.32 10
20.00 69.28 10
-50.00 51.96 10
-70.00 -17.32 10
-20.00 -69.28 10
50.00 -51.96 10
60.00 -34.64 10
70.00 -17.32 10
80.00 0.00 10
60.00 34.64 10
50.00 51.96 10
40.00 69.28 10
0.00 69.28 10
-20.00 69.28 10
-40.00 69.28 10
-60.00 34.64 10
-70.00 17.32 10
-80.00 -0.00 10
-60.00 -34.64 10
-50.00 -51.96 10
-40.00 -69.28 10
-0.00 -69.28 10
20.00 -69.28 10
40.00 -69.28 10
90.00 17.32 10
30.00 86.60 10
-60.00 69.28 10
-90.00 -17.32 10
-30.00 -86.60 10
60.00 -69.28 10
70.00 -51.96 10
80.00 -34.64 10
90.00 -17.32 10
80.00 34.64 10
70.00 51.96 10
60.00 69.28 10
10.00 86.60 10
-10.00 86.60 10
-30.00 86.60 10
-70.00 51.96 10
-80.00 34.64 10
-90.00 17.32 10
-80.00 -34.64 10
-70.00 -51.96 10
-60.00 -69.28 10
-10.00 -86.60 10
10.00 -86.60 10
30.00 -86.60 10
100.00 34.64 10
20.00 103.92 10
-80.00 69.28 10
-100.00 -34.64 10
-20.00 -103.92 10
80.00 -69.28 10
100.00 0.00 10
50.00 86.60 10
-50.00 86.60 10
-100.00 -0.00 10
-50.00 -86.60 10
50.00 -86.60 10
110.00 17.32 10
40.00 103.92 10
-70.00 86.60 10
-110.00 -17.32 10
-40.00 -103.92 10
70.00 -86.60 10
90.00 -51.96 10
100.00 -34.64 10
110.00 -17.32 10
90.00 51.96 10
80.00 69.28 10
70.00 86.60 10
0.00 103.92 10
-20.00 103.92 10
-40.00 103.92 10
-90.00 51.96 10
-100.00 34.64 10
-110.00 17.32 10
-90.00 -51.96 10
-80.00 -69.28 10
-70.00 -86.60 10
-0.00 -103.92 10
20.00 -103.92 10
40.00 -103.92 10
120.00 34.64 10
30.00 121.24 10
-90.00 86.60 10
-120.00 -34.64 10
-30.00 -121.24 10
90.00 -86.60 10
120.00 0.00 10
60.00 103.92 10
-60.00 103.92 10
-120.00 -0.00 10
-60.00 -103.92 10
60.00 -103.92 10
130.00 17.32 10
50.00 121.24 10
-80.00 103.92 10
-130.00 -17.32 10
-50.00 -121.24 10
80.00 -103.92 10
100.00 -69.28 10
110.00 -51.96 10
120.00 -34.64 10
110.00 51.96 10
100.00 69.28 10
90.00 86.60 10
10.00 121.24 10
-10.00 121.24 10
-30.00 121.24 10
-100.00 69.28 10
-110.00 51.96 10
-120.00 34.64 10
-110.00 -51.96 10
-100.00 -69.28 10
-90.00 -86.60 10
-10.00 -121.24 10
10.00 -121.24 10
30.00 -121.24 10
130.00 51.96 10
20.00 138.56 10
-110.00 86.60 10
-130.00 -51.96 10
-20.00 -138.56 10
110.00 -86.60 10
130.00 -17.32 10
80.00 103.92 10
-50.00 121.24 10
-130.00 17.32 10
-80.00 -103.92 10
50.00 -121.24 10
40.00 138.56 10
-100.00 103.92 10
-40.00 -138.56 10
100.00 -103.92 10
70.00 121.24 10
-70.00 121.24 10
-70.00 -121.24 10
70.00 -121.24 10
140.00 34.64 10
-140.00 -34.64 10
140.00 0.00 10
-140.00 -0.00 10
150.00 17.32 10
60.00 138.56 10
-90.00 121.24 10
-150.00 -17.32 10
-60.00 -138.56 10
90.00 -121.24 10
120.00 -69.28 10
130.00 -51.96 10
140.00 -34.64 10
120.00 69.28 10
110.00 86.60 10
100.00 103.92 10
0.00 138.56 10
-20.00 138.56 10
-40.00 138.56 10
-120.00 69.28 10
-130.00 51.96 10
-140.00 34.64 10
-120.00 -69.28 10
-110.00 -86.60 10
-100.00 -103.92 10
-0.00 -138.56 10
20.00 -138.56 10
40.00 -138.56 10
150.00 51.96 10
30.00 155.88 10
-120.00 103.92 10
-150.00 -51.96 10
-30.00 -155.88 10
120.00 -103.92 10
150.00 -17.32 10
90.00 121.24 10
-60.00 138.56 10
-150.00 17.32 10
-90.00 -121.24 10
60.00 -138.56 10
160.00 34.64 10
50.00 155.88 10
-110.00 121.24 10
-160.00 -34.64 10
-50.00 -155.88 10
110.00 -121.24 10
160.00 0.00 10
80.00 138.56 10
-80.00 138.56 10
-160.00 -0.00 10
-80.00 -138.56 10
80.00 -138.56 10
130.00 -86.60 10
140.00 -69.28 10
150.00 -51.96 10
140.00 69.28 10
130.00 86.60 10
120.00 103.92 10
10.00 155.88 10
-10.00 155.88 10
-30.00 155.88 10
-130.00 86.60 10
-140.00 69.28 10
-150.00 51.96 10
-140.00 -69.28 10
-130.00 -86.60 10
-120.00 -103.92 10
-10.00 -155.88 10
10.00 -155.88 10
30.00 -155.88 10
160.00 69.28 10
20.00 173.20 10
-140.00 103.92 10
-160.00 -69.28 10
-20.00 -173.20 10
140.00 -103.92 10
70.00 155.88 10
-100.00 138.56 10
-70.00 -155.88 10
100.00 -138.56 10
170.00 17.32 10
-170.00 -17.32 10
160.00 -34.64 10
110.00 121.24 10
-50.00 155.88 10
-160.00 34.64 10
-110.00 -121.24 10
50.00 -155.88 10
40.00 173.20 10
-130.00 121.24 10
-40.00 -173.20 10
130.00 -121.24 10
170.00 51.96 10
-170.00 -51.96 10
170.00 -17.32 10
100.00 138.56 10
-70.00 155.88 10
-170.00 17.32 10
-100.00 -138.56 10
70.00 -155.88 10
60.00 173.20 10
-120.00 138.56 10
-60.00 -173.20 10
120.00 -138.56 10
90.00 155.88 10
-90.00 155.88 10
-90.00 -155.88 10
90.00 -155.88 10
180.00 34.64 10
-180.00 -34.64 10
180.00 0.00 10
-180.00 -0.00 10
150.00 -86.60 10
160.00 -69.28 10
170.00 -51.96 10
150.00 86.60 10
140.00 103.92 10
130.00 121.24 10
0.00 173.20 10
-20.00 173.20 10
-40.00 173.20 10
-150.00 86.60 10
-160.00 69.28 10
-170.00 51.96 10
-150.00 -86.60 10
-140.00 -103.92 10
-130.00 -121.24 10
-0.00 -173.20 10
20.00 -173.20 10
40.00 -173.20 10
180.00 69.28 10
30.00 190.52 10
-150.00 121.24 10
-180.00 -69.28 10
-30.00 -190.52 10
150.00 -121.24 10
180.00 -34.64 10
120.00 138.56 10
-60.00 173.20 10
-180.00 34.64 10
-120.00 -138.56 10
60.00 -173.20 10
190.00 17.32 10
80.00 173.20 10
-110.00 155.88 10
-190.00 -17.32 10
-80.00 -173.20 10
110.00 -155.88 10
50.00 190.52 10
-140.00 138.56 10
-50.00 -190.52 10
140.00 -138.56 10
110.00 155.88 10
-80.00 173.20 10
-110.00 -155.88 10
80.00 -173.20 10
190.00 51.96 10
-190.00 -51.96 10
190.00 -17.32 10
-190.00 17.32 10
70.00 190.52 10
-130.00 155.88 10
-70.00 -190.52 10
130.00 -155.88 10
200.00 34.64 10
-200.00 -34.64 10
200.00 0.00 10
100.00 173.20 10
-100.00 173.20 10
-200.00 -0.00 10
-100.00 -173.20 10
100.00 -173.20 10
160.00 -103.92 10
170.00 -86.60 10
180.00 -69.28 10
170.00 86.60 10
160.00 103.92 10
150.00 121.24 10
10.00 190.52 10
-10.00 190.52 10
-30.00 190.52 10
-160.00 103.92 10
-170.00 86.60 10
-180.00 69.28 10
-170.00 -86.60 10
-160.00 -103.92 10
-150.00 -121.24 10
-10.00 -190.52 10
10.00 -190.52 10
30.00 -190.52 10
20.00 207.84 10
-170.00 121.24 10
-20.00 -207.84 10
170.00 -121.24 10
140.00 138.56 10
-50.00 190.52 10
-140.00 -138.56 10
50.00 -190.52 10
190.00 86.60 10
-190.00 -86.60 10
190.00 -51.96 10
-190.00 51.96 10
40.00 207.84 10
-160.00 138.56 10
-40.00 -207.84 10
160.00 -138.56 10
200.00 69.28 10
-200.00 -69.28 10
200.00 -34.64 10
130.00 155.88 10
-70.00 190.52 10
-200.00 34.64 10
-130.00 -155.88 10
70.00 -190.52 10
90.00 190.52 10
-120.00 173.20 10
-90.00 -190.52 10
120.00 -173.20 10
210.00 17.32 10
-210.00 -17.32 10
60.00 207.84 10
-150.00 155.88 10
-60.00 -207.84 10
150.00 -155.88 10
210.00 51.96 10
-210.00 -51.96 10
210.00 -17.32 10
120.00 173.20 10
-90.00 190.52 10
-210.00 17.32 10
-120.00 -173.20 10
90.00 -190.52 10
80.00 207.84 10
-140.00 173.20 10
-80.00 -207.84 10
140.00 -173.20 10
110.00 190.52 10
-110.00 190.52 10
-110.00 -190.52 10
110.00 -190.52 10
0.00 207.84 10
-20.00 207.84 10
-40.00 207.84 10
-0.00 -207.84 10
20.00 -207.84 10
40.00 -207.84 10
220.00 34.64 10
-220.00 -34.64 10
220.00 0.00 10
-220.00 -0.00 10
180.00 -103.92 10
190.00 -86.60 10
200.00 -69.28 10
180.00 103.92 10
170.00 121.24 10
160.00 138.56 10
-180.00 103.92 10
-190.00 86.60 10
-200.00 69.28 10
-180.00 -103.92 10
-170.00 -121.24 10
-160.00 -138.56 10
210.00 86.60 10
30.00 225.16 10
-180.00 138.56 10
-210.00 -86.60 10
-30.00 -225.16 10
180.00 -138.56 10
210.00 -51.96 10
150.00 155.88 10
-60.00 207.84 10
-210.00 51.96 10
-150.00 -155.88 10
60.00 -207.84 10
50.00 225.16 10
-170.00 155.88 10
-50.00 -225.16 10
170.00 -155.88 10
140.00 173.20 10
-80.00 207.84 10
-140.00 -173.20 10
80.00 -207.84 10
220.00 69.28 10
-220.00 -69.28 10
220.00 -34.64 10
-220.00 34.64 10
230.00 17.32 10
100.00 207.84 10
-130.00 190.52 10
-230.00 -17.32 10
-100.00 -207.84 10
130.00 -190.52 10
70.00 225.16 10
-160.00 173.20 10
-70.00 -225.16 10
160.00 -173.20 10
130.00 190.52 10
-100.00 207.84 10
-130.00 -190.52 10
100.00 -207.84 10
230.00 51.96 10
-230.00 -51.96 10
230.00 -17.32 10
-230.00 17.32 10
10.00 225.16 10
-10.00 225.16 10
-30.00 225.16 10
-10.00 -225.16 10
10.00 -225.16 10
30.00 -225.16 10
190.00 -121.24 10
200.00 -103.92 10
210.00 -86.60 10
200.00 103.92 10
190.00 121.24 10
180.00 138.56 10
-190.00 121.24 10
-200.00 103.92 10
-210.00 86.60 10
-200.00 -103.92 10
-190.00 -121.24 10
-180.00 -138.56 10
20.00 242.48 10
-200.00 138.56 10
-20.00 -242.48 10
200.00 -138.56 10
-50.00 225.16 10
50.00 -225.16 10
170.00 155.88 10
-170.00 -155.88 10
220.00 103.92 10
-220.00 -103.92 10
220.00 -69.28 10
-220.00 69.28 10
90.00 225.16 10
-150.00 190.52 10
-90.00 -225.16 10
150.00 -190.52 10
240.00 34.64 10
-240.00 -34.64 10
240.00 0.00 10
120.00 207.84 10
-120.00 207.84 10
-240.00 -0.00 10
-120.00 -207.84 10
120.00 -207.84 10
40.00 242.48 10
-40.00 -242.48 10
-70.00 225.16 10
70.00 -225.16 10
-190.00 155.88 10
190.00 -155.88 10
230.00 86.60 10
-230.00 -86.60 10
230.00 -51.96 10
160.00 173.20 10
-230.00 51.96 10
-160.00 -173.20 10
60.00 242.48 10
-180.00 173.20 10
-60.00 -242.48 10
180.00 -173.20 10
240.00 69.28 10
-240.00 -69.28 10
240.00 -34.64 10
150.00 190.52 10
-90.00 225.16 10
-240.00 34.64 10
-150.00 -190.52 10
90.00 -225.16 10
110.00 225.16 10
-140.00 207.84 10
-110.00 -225.16 10
140.00 -207.84 10
250.00 17.32 10
-250.00 -17.32 10
80.00 242.48 10
-80.00 -242.48 10
-110.00 225.16 10
110.00 -225.16 10
-170.00 190.52 10
170.00 -190.52 10
250.00 51.96 10
-250.00 -51.96 10
140.00 207.84 10
-140.00 -207.84 10
250.00 -17.32 10
-250.00 17.32 10
0.00 242.48 10
-20.00 242.48 10
-40.00 242.48 10
-0.00 -242.48 10
20.00 -242.48 10
40.00 -242.48 10
210.00 -121.24 10
220.00 -103.92 10
230.00 -86.60 10
210.00 121.24 10
200.00 138.56 10
190.00 155.88 10
-210.00 121.24 10
-220.00 103.92 10
-230.00 86.60 10
-210.00 -121.24 10
-200.00 -138.56 10
-190.00 -155.88 10
30.00 259.80 10
-210.00 155.88 10
-30.00 -259.80 10
210.00 -155.88 10
-60.00 242.48 10
60.00 -242.48 10
180.00 173.20 10
-180.00 -173.20 10
240.00 103.92 10
-240.00 -103.92 10
240.00 -69.28 10
-240.00 69.28 10
50.00 259.80 10
-50.00 -259.80 10
-80.00 242.48 10
80.00 -242.48 10
-200.00 173.20 10
200.00 -173.20 10
250.00 86.60 10
-250.00 -86.60 10
260.00 34.64 10
100.00 242.48 10
-160.00 207.84 10
-260.00 -34.64 10
-100.00 -242.48 10
160.00 -207.84 10
130.00 225.16 10
-130.00 225.16 10
-130.00 -225.16 10
130.00 -225.16 10
260.00 0.00 10
-260.00 -0.00 10
170.00 190.52 10
-170.00 -190.52 10
250.00 -51.96 10
-250.00 51.96 10
70.00 259.80 10
-190.00 190.52 10
-70.00 -259.80 10
190.00 -190.52 10
-100.00 242.48 10
100.00 -242.48 10
160.00 207.84 10
-160.00 -207.84 10
260.00 69.28 10
-260.00 -69.28 10
260.00 -34.64 10
-260.00 34.64 10
120.00 242.48 10
-150.00 225.16 10
-120.00 -242.48 10
150.00 -225.16 10
270.00 17.32 10
-270.00 -17.32 10
90.00 259.80 10
-180.00 207.84 10
-90.00 -259.80 10
180.00 -207.84 10
150.00 225.16 10
-120.00 242.48 10
-150.00 -225.16 10
120.00 -242.48 10
10.00 259.80 10
-10.00 259.80 10
-30.00 259.80 10
-10.00 -259.80 10
10.00 -259.80 10
30.00 -259.80 10
270.00 51.96 10
-270.00 -51.96 10
270.00 -17.32 10
-270.00 17.32 10
220.00 -138.56 10
230.00 -121.24 10
240.00 -103.92 10
230.00 121.24 10
220.00 138.56 10
210.00 155.88 10
-220.00 138.56 10
-230.00 121.24 10
-240.00 103.92 10
-230.00 -121.24 10
-220.00 -138.56 10
-210.00 -155.88 10
20.00 277.12 10
-20.00 -277.12 10
-50.00 259.80 10
50.00 -259.80 10
-230.00 155.88 10
230.00 -155.88 10
250.00 121.24 10
-250.00 -121.24 10
250.00 -86.60 10
200.00 173.20 10
-250.00 86.60 10
-200.00 -173.20 10
40.00 277.12 10
-40.00 -277.12 10
-220.00 173.20 10
220.00 -173.20 10
260.00 103.92 10
-260.00 -103.92 10
-70.00 259.80 10
70.00 -259.80 10
260.00 -69.28 10
190.00 190.52 10
-260.00 69.28 10
-190.00 -190.52 10
60.00 277.12 10
-60.00 -277.12 10
-90.00 259.80 10
90.00 -259.80 10
-210.00 190.52 10
210.00 -190.52 10
270.00 86.60 10
-270.00 -86.60 10
180.00 207.84 10
-180.00 -207.84 10
270.00 -51.96 10
-270.00 51.96 10
110.00 259.80 10
-170.00 225.16 10
-110.00 -259.80 10
170.00 -225.16 10
-140.00 242.48 10
140.00 -242.48 10
140.00 242.48 10
-140.00 -242.48 10
280.00 34.64 10
-280.00 -34.64 10
280.00 0.00 10
-280.00 -0.00 10
80.00 277.12 10
-80.00 -277.12 10
-200.00 207.84 10
200.00 -207.84 10
280.00 69.28 10
-280.00 -69.28 10
-110.00 259.80 10
110.00 -259.80 10
170.00 225.16 10
-170.00 -225.16 10
280.00 -34.64 10
-280.00 34.64 10
130.00 259.80 10
-160.00 242.48 10
-130.00 -259.80 10
160.00 -242.48 10
0.00 277.12 10
-20.00 277.12 10
-40.00 277.12 10
-0.00 -277.12 10
20.00 -277.12 10
40.00 -277.12 10
290.00 17.32 10
-290.00 -17.32 10
240.00 -138.56 10
250.00 -121.24 10
260.00 -103.92 10
240.00 138.56 10
230.00 155.88 10
220.00 173.20 10
-240.00 138.56 10
-250.00 121.24 10
-260.00 103.92 10
-240.00 -138.56 10
-230.00 -155.88 10
-220.00 -173.20 10
30.00 294.44 10
-240.00 173.20 10
-30.00 -294.44 10
240.00 -173.20 10
270.00 121.24 10
-270.00 -121.24 10
-60.00 277.12 10
60.00 -277.12 10
270.00 -86.60 10
210.00 190.52 10
-270.00 86.60 10
-210.00 -190.52 10
100.00 277.12 10
-190.00 225.16 10
-100.00 -277.12 10
190.00 -225.16 10
-130.00 259.80 10
130.00 -259.80 10
160.00 242.48 10
-160.00 -242.48 10
290.00 51.96 10
-290.00 -51.96 10
290.00 -17.32 10
-290.00 17.32 10
50.00 294.44 10
-50.00 -294.44 10
-230.00 190.52 10
230.00 -190.52 10
280.00 103.92 10
-280.00 -103.92 10
-80.00 277.12 10
80.00 -277.12 10
280.00 -69.28 10
200.00 207.84 10
-280.00 69.28 10
-200.00 -207.84 10
70.00 294.44 10
-220.00 207.84 10
-70.00 -294.44 10
220.00 -207.84 10
290.00 86.60 10
-290.00 -86.60 10
-100.00 277.12 10
100.00 -277.12 10
290.00 -51.96 10
190.00 225.16 10
-290.00 51.96 10
-190.00 -225.16 10
120.00 277.12 10
-180.00 242.48 10
-120.00 -277.12 10
180.00 -242.48 10
300.00 34.64 10
-300.00 -34.64 10
150.00 259.80 10
-150.00 259.80 10
-150.00 -259.80 10
150.00 -259.80 10
300.00 0.00 10
-300.00 -0.00 10
90.00 294.44 10
-210.00 225.16 10
-90.00 -294.44 10
210.00 -225.16 10
300.00 69.28 10
-300.00 -69.28 10
-120.00 277.12 10
120.00 -277.12 10
180.00 242.48 10
-180.00 -242.48 10
300.00 -34.64 10
-300.00 34.64 10
10.00 294.44 10
-10.00 294.44 10
-30.00 294.44 10
-10.00 -294.44 10
10.00 -294.44 10
30.00 -294.44 10
250.00 -155.88 10
260.00 -138.56 10
270.00 -121.24 10
260.00 138.56 10
250.00 155.88 10
240.00 173.20 10
-250.00 155.88 10
-260.00 138.56 10
-270.00 121.24 10
-260.00 -138.56 10
-250.00 -155.88 10
-240.00 -173.20 10
20.00 311.76 10
-20.00 -311.76 10
-50.00 294.44 10
50.00 -294.44 10
-260.00 173.20 10
260.00 -173.20 10
280.00 138.56 10
-280.00 -138.56 10
280.00 -103.92 10
230.00 190.52 10
-280.00 103.92 10
-230.00 -190.52 10
40.00 311.76 10
-40.00 -311.76 10
-170.00 259.80 10
170.00 -259.80 10
140.00 277.12 10
-140.00 -277.12 10
-70.00 294.44 10
70.00 -294.44 10
-250.00 190.52 10
250.00 -190.52 10
290.00 121.24 10
-290.00 -121.24 10
310.00 17.32 10
-310.00 -17.32 10
290.00 -86.60 10
220.00 207.84 10
-290.00 86.60 10
-220.00 -207.84 10
110.00 294.44 10
-200.00 242.48 10
-110.00 -294.44 10
200.00 -242.48 10
310.00 51.96 10
-310.00 -51.96 10
-140.00 277.12 10
140.00 -277.12 10
170.00 259.80 10
-170.00 -259.80 10
310.00 -17.32 10
-310.00 17.32 10
60.00 311.76 10
-60.00 -311.76 10
-90.00 294.44 10
90.00 -294.44 10
-240.00 207.84 10
240.00 -207.84 10
300.00 103.92 10
-300.00 -103.92 10
300.00 -69.28 10
210.00 225.16 10
-300.00 69.28 10
-210.00 -225.16 10
80.00 311.76 10
-80.00 -311.76 10
-230.00 225.16 10
230.00 -225.16 10
310.00 86.60 10
-310.00 -86.60 10
-110.00 294.44 10
110.00 -294.44 10
310.00 -51.96 10
200.00 242.48 10
-310.00 51.96 10
-200.00 -242.48 10
130.00 294.44 10
-190.00 259.80 10
-130.00 -294.44 10
190.00 -259.80 10
-160.00 277.12 10
160.00 -277.12 10
160.00 277.12 10
-160.00 -277.12 10
320.00 34.64 10
-320.00 -34.64 10
320.00 0.00 10
-320.00 -0.00 10
100.00 311.76 10
-220.00 242.48 10
-100.00 -311.76 10
220.00 -242.48 10
-130.00 294.44 10
130.00 -294.44 10
190.00 259.80 10
-190.00 -259.80 10
0.00 311.76 10
-20.00 311.76 10
-40.00 311.76 10
-0.00 -311.76 10
20.00 -311.76 10
40.00 -311.76 10
320.00 69.28 10
-320.00 -69.28 10
320.00 -34.64 10
-320.00 34.64 10
270.00 -155.88 10
280.00 -138.56 10
290.00 -121.24 10
270.00 155.88 10
260.00 173.20 10
250.00 190.52 10
-270.00 155.88 10
-280.00 138.56 10
-290.00 121.24 10
-270.00 -155.88 10
-260.00 -173.20 10
-250.00 -190.52 10
30.00 329.08 10
-30.00 -329.08 10
-60.00 311.76 10
60.00 -311.76 10
-270.00 190.52 10
270.00 -190.52 10
300.00 138.56 10
-300.00 -138.56 10
300.00 -103.92 10
240.00 207.84 10
-300.00 103.92 10
-240.00 -207.84 10
50.00 329.08 10
-50.00 -329.08 10
-260.00 207.84 10
260.00 -207.84 10
310.00 121.24 10
-310.00 -121.24 10
-80.00 311.76 10
80.00 -311.76 10
310.00 -86.60 10
230.00 225.16 10
-310.00 86.60 10
-230.00 -225.16 10
150.00 294.44 10
-180.00 277.12 10
-150.00 -294.44 10
180.00 -277.12 10
330.00 17.32 10
-330.00 -17.32 10
120.00 311.76 10
-210.00 259.80 10
-120.00 -311.76 10
210.00 -259.80 10
330.00 51.96 10
-330.00 -51.96 10
-150.00 294.44 10
150.00 -294.44 10
180.00 277.12 10
-180.00 -277.12 10
330.00 -17.32 10
-330.00 17.32 10
70.00 329.08 10
-250.00 225.16 10
-70.00 -329.08 10
250.00 -225.16 10
320.00 103.92 10
-320.00 -103.92 10
-100.00 311.76 10
100.00 -311.76 10
320.00 -69.28 10
