0.00 0.00 7
14.00 0.00 7
7.00 15.49 10
-12.58 11.43 10
-12.17 -4.56 6
-1.97 -16.89 10
13.55 -12.99 6
-27.87 -1.47 10
-18.73 -14.61 6
-15.09 -26.05 6
28.84 -8.29 10
26.62 11.59 10
19.24 25.79 6
8.64 31.41 6
-1.71 27.70 5
-15.48 30.21 9
-26.24 19.76 6
-41.01 13.61 10
-4.57 -33.69 7
6.57 -29.22 5
19.12 -25.83 8
32.96 -23.75 6
-33.55 -20.65 10
-24.78 -37.50 9
-0.44 37.62 5
-9.78 45.16 7
-43.86 -2.13 6
-46.36 -12.84 5
41.39 3.18 7
43.42 18.04 8
33.49 33.06 10
7.81 -42.16 8
21.58 -39.61 6
43.74 -16.48 7
52.39 -5.48 7
-11.59 -44.63 6
35.42 -37.53 8
17.58 43.45 9
3.29 54.39 9
-32.34 32.36 8
-50.31 31.32 10
-23.77 44.67 7
-1.98 -54.81 8
-52.69 -26.44 10
-40.75 -38.54 7
52.27 -31.19 10
52.92 6.51 5
58.40 17.19 7
14.78 -57.67 9
33.65 -55.44 10
-57.83 16.07 7
-59.81 -0.81 10
-67.94 -16.87 8
-33.92 -53.01 9
-17.80 -61.03 9
-40.30 48.64 10
-11.25 58.08 6
-25.17 59.60 8
65.55 -16.24 10
33.97 53.05 10
18.43 62.13 8
52.84 32.19 9
48.60 46.58 6
-38.92 65.58 7
46.71 -46.19 6
64.31 -0.29 6
73.41 11.64 9
5.78 70.19 7
-8.21 70.72 7
-4.31 -69.63 7
10.04 -74.00 8
-53.88 -43.40 7
-50.85 -59.11 9
-68.81 -31.84 7
-68.48 -46.84 8
-21.01 72.97 6
-59.29 48.06 9
-68.17 33.56 8
-73.77 17.51 9
23.43 -69.92 6
37.87 -73.96 9
-75.44 2.60 6
-79.34 -8.75 6
62.57 -48.34 10
69.44 -32.79 7
68.22 25.71 6
66.16 36.51 5
62.40 48.95 8
-36.71 -71.80 10
-18.48 -80.02 10
50.37 60.47 8
37.98 70.60 8
25.24 73.20 5
-55.88 66.75 10
-1.28 -85.31 8
74.57 -4.26 5
84.14 1.16 6
-32.38 76.81 6
15.40 81.70 8
55.58 -67.08 10
65.83 64.58 8
83.99 -23.99 10
92.15 -9.08 7
-65.78 -60.58 6
-84.51 -23.89 10
-83.69 -41.87 8
-1.94 86.52 10
-18.92 85.80 7
81.22 25.60 7
77.07 37.92 6
23.31 -86.16 10
93.66 14.02 10
9.36 -95.88 7
-89.28 8.38 9
-97.55 -8.73 10
80.11 53.63 10
-81.76 30.20 6
-97.11 25.69 10
-33.77 91.75 9
-74.18 46.21 6
-90.08 44.41 10
-48.42 83.13 8
-69.76 58.80 6
-84.29 62.51 9
76.41 -42.56 5
90.39 -41.88 9
32.37 87.70 10
-60.19 -74.50 9
-48.10 -81.56 5
54.84 74.79 7
51.18 90.37 9
75.30 -63.76 10
93.83 -59.55 9
-38.46 -88.71 7
-26.52 -93.85 6
-13.76 -96.35 7
-2.08 -102.06 6
-79.65 -55.28 6
-78.91 -71.26 10
41.52 -91.59 9
51.12 -81.40 5
18.34 95.39 6
7.14 99.69 6
99.67 0.27 5
94.79 31.98 8
99.64 49.31 10
-6.94 104.85 9
-24.77 107.34 9
-65.42 83.18 9
-84.35 81.51 10
61.11 -81.02 5
74.09 -81.72 8
100.17 -29.21 7
108.33 -14.30 10
-99.51 -23.60 5
-100.14 -37.59 9
20.28 -100.85 5
31.16 -102.44 6
-105.11 10.69 7
-109.95 -0.29 5
80.19 71.63 8
67.80 80.09 7
111.48 2.41 7
68.25 96.08 9
40.51 104.87 9
22.47 110.85 10
-93.78 -50.06 5
-94.91 -63.01 8
-57.15 -92.24 9
-44.11 -101.52 7
108.66 14.07 5
105.30 23.49 5
109.54 34.72 7
-72.23 -86.89 7
56.51 -91.01 6
-49.09 99.12 8
-65.97 101.17 9
9.26 -111.88 9
26.59 -116.73 9
95.45 66.82 8
-31.52 -104.76 6
4.64 119.91 10
-19.91 -107.80 6
-8.23 -113.51 7
-38.77 107.02 5
-115.22 -12.18 8
-116.04 -29.16 9
91.79 -78.44 10
103.89 -48.42 6
115.22 -37.12 10
115.36 46.34 6
-99.75 58.39 7
-108.02 45.88 8
-116.62 30.07 10
-117.65 14.10 6
43.13 -107.51 7
57.91 -104.94 8
73.73 -98.72 9
-0.07 -123.63 6
56.39 106.82 7
121.99 -22.62 6
84.39 88.10 9
-98.67 72.35 7
-13.35 120.60 8
-27.27 122.13 6
-127.19 1.26 10
-81.71 98.30 7
-107.37 -52.98 8
-93.18 -75.89 5
-87.03 -86.19 7
-80.25 -99.57 8
-121.40 -45.29 8
40.37 -119.19 5
95.68 79.82 5
115.14 21.69 5
125.20 31.43 9
-67.43 -101.74 5
-57.04 -112.56 10
124.76 -9.92 7
124.46 3.08 6
-39.43 -116.31 8
-24.17 -121.13 8
133.17 15.29 9
-11.80 -131.28 8
-39.88 118.97 7
86.20 -92.36 5
-52.83 113.65 7
-67.88 119.07 9
107.50 -69.66 8
112.64 -56.64 6
113.00 58.11 6
108.39 68.10 5
10.71 -125.80 5
21.12 -131.77 7
48.80 117.37 6
36.98 119.45 6
26.64 127.33 7
14.28 133.91 7
-110.55 -69.68 9
-102.69 -84.75 8
124.52 -51.35 7
126.32 45.39 5
-111.30 66.31 7
-118.32 55.37 6
50.17 -117.22 5
61.97 -119.38 7
-130.65 -16.40 8
-132.75 -32.26 8
109.50 82.06 9
-97.43 95.30 9
-109.20 83.03 8
-120.97 44.69 5
-131.32 38.61 7
83.23 106.06 9
68.88 113.14 7
-128.46 19.31 6
-137.11 12.51 5
-136.32 -46.83 7
33.97 -129.79 6
48.91 -131.16 9
-127.95 -62.05 10
73.67 -113.72 6
2.31 134.73 5
-8.65 133.79 6
-98.06 -102.15 10
-137.52 27.18 6
96.19 -92.78 5
107.73 -86.80 8
119.92 -78.06 7
-78.40 109.84 5
60.00 123.97 7
132.05 -39.55 7
133.31 -26.61 6
-19.51 132.05 5
-33.75 136.76 10
98.73 92.50 6
102.12 108.14 10
-73.01 -111.55 6
-124.42 75.46 9
-49.37 -128.85 8
-35.40 -129.72 6
-25.66 -141.13 9
86.98 -109.37 8
103.36 -104.81 9
0.77 -134.60 5
11.00 -144.16 9
135.23 -15.78 5
123.55 55.00 5
138.61 -1.90 9
147.32 10.31 6
45.27 131.95 9
31.68 140.39 7
-51.50 129.97 9
148.23 -15.92 8
-66.68 135.02 7
121.13 -65.12 6
135.91 -62.58 9
-69.54 -124.08 7
-62.47 -136.16 7
121.71 64.83 5
124.50 76.50 7
58.70 135.90 5
-141.98 3.77 5
-141.21 -7.20 6
67.41 -135.49 10
-88.29 108.34 5
-98.25 109.28 5
-86.80 -117.45 9
-134.32 55.34 10
141.05 29.22 7
136.14 40.17 5
136.22 52.17 7
-143.29 73.22 10
-145.62 -58.60 8
-146.12 18.81 6
18.43 149.36 9
-125.14 -81.85 10
-117.99 -100.53 10
-147.83 -21.77 10
-147.77 -38.77 7
-12.02 -144.28 5
-2.58 -147.57 5
79.10 119.44 5
72.80 129.65 7
-81.21 -133.50 8
27.97 -145.11 8
43.81 -147.38 8
-17.23 144.85 8
-29.65 153.26 7
116.55 -97.67 6
151.54 21.54 6
-1.40 147.19 8
133.69 65.94 7
-41.27 -139.02 5
-39.30 -152.88 9
77.21 -124.13 5
6.08 162.46 9
143.02 -48.25 7
91.00 121.00 7
-83.81 120.55 7
-96.80 120.18 6
113.20 96.60 6
89.21 -124.20 7
145.65 -33.22 8
157.75 -26.18 6
-110.78 105.82 8
-121.17 93.65 8
124.68 90.50 7
-143.75 42.41 6
-152.34 31.35 8
-82.61 136.51 9
-138.03 91.48 9
134.85 -79.55 8
-151.99 8.34 6
68.79 144.10 8
159.62 -44.57 10
-56.00 -149.69 8
126.24 -90.59 6
152.50 -3.64 5
161.89 6.74 9
52.64 143.85 5
41.98 151.29 8
105.14 -122.72 9
-47.76 144.50 6
-59.67 145.97 6
56.74 -146.03 5
-41.64 153.64 5
-157.70 -5.53 9
-109.04 -113.79 6
-101.29 -124.23 7
146.14 40.09 5
151.22 52.06 8
-143.01 -75.40 9
-72.95 -148.36 9
87.78 137.69 10
-25.48 -155.13 5
-14.48 -155.00 6
29.82 164.56 10
160.24 34.97 10
-161.07 -49.36 10
3.12 -161.45 10
21.02 -159.52 8
-11.31 -165.53 5
-153.24 57.04 9
-156.90 43.53 5
150.19 70.03 10
-10.99 157.38 6
-21.68 164.77 7
-97.05 -139.66 9
137.18 79.35 6
141.11 94.86 10
82.34 -134.04 5
-101.58 135.45 10
-115.23 122.23 9
118.60 -112.34 8
130.29 -102.94 7
-7.49 168.86 6
-161.73 18.40 8
164.30 20.53 5
37.61 -163.21 9
58.45 151.99 5
80.42 151.90 6
119.12 108.17 7
113.68 123.22 9
106.66 139.80 9
130.89 105.84 5
164.98 -13.04 9
177.01 -1.03 8
169.83 -30.98 7
-167.83 -21.60 10
-171.45 -37.18 6
-140.37 -93.21 9
-132.39 -104.72 5
150.56 -73.04 9
166.83 -63.23 10
16.09 176.20 8
-71.62 147.04 6
-84.70 154.39 9
68.40 -155.47 10
79.07 -144.93 5
88.58 -141.85 5
166.18 50.90 7
-52.47 155.57 6
-170.84 5.25 8
99.89 -137.83 7
-124.71 107.19 6
-140.40 110.33 10
52.22 162.25 7
-133.01 128.92 10
51.94 -158.78 6
59.01 -173.13 10
-126.56 -115.21 7
-116.86 -127.93 9
136.98 -92.98 5
148.26 -88.87 7
-169.77 35.83 10
-175.51 20.89 6
-22.31 -165.66 6
-38.32 168.27 10
-87.65 -151.35 6
-159.58 -68.30 9
-155.51 -81.70 5
43.57 170.56 5
-36.45 -170.65 9
-66.96 162.35 10
-16.56 176.72 6
-181.27 -8.17 9
-55.22 -167.67 10
158.47 87.13 9
-53.32 168.58 5
-101.67 153.45 8
69.58 159.08 7
63.08 172.60 8
-74.17 -166.32 9
181.55 -20.08 9
167.69 65.82 8
-114.01 -145.70 9
15.72 -175.67 9
32.31 -179.36 8
128.57 115.57 5
129.84 128.51 8
-155.62 87.67 9
-160.27 72.36 7
-168.70 61.18 7
-5.59 -177.20 8
5.28 -191.55 10
111.59 -135.15 5
119.39 -127.40 6
134.19 -121.33 10
-156.36 -93.67 7
176.77 14.97 8
178.98 31.83 9
3.09 176.14 5
-5.78 185.65 8
-185.67 11.26 8
-177.99 50.71 7
96.76 149.70 5
91.27 163.66 10
144.79 -106.78 8
-82.60 171.26 8
181.02 48.71 8
86.40 -155.67 8
103.26 -153.47 9
-93.17 -166.37 10
188.15 -7.73 5
155.03 -98.78 5
-156.04 103.66 7
171.29 79.35 6
173.65 -49.87 5
178.96 -40.24 6
-22.05 -181.45 9
-28.40 182.08 7
46.39 -184.52 7
36.19 182.46 9
22.52 188.64 6
162.73 -84.91 8
178.39 -78.31 9
122.56 141.62 7
-116.56 136.17 5
-125.25 142.91 6
143.55 114.71 10
-175.92 -47.23 5
-177.55 -62.14 10
-149.70 -103.65 5
-143.43 -117.28 10
-183.77 -22.96 6
-181.92 -33.80 5
-118.43 156.27 9
76.92 -171.33 8
94.92 -171.53 10
155.51 101.83 6
160.53 113.82 7
-107.47 -159.20 6
114.25 -144.79 5
50.89 179.49 6
-198.86 -0.99 10
-131.85 -128.33 6
77.06 168.46 5
-40.35 183.13 5
-50.64 179.25 6
191.44 -33.90 8
168.89 -100.75 9
143.67 130.71 6
-132.96 -144.29 10
-189.62 38.31 10
-197.44 22.10 8
-173.11 -81.64 10
-168.17 -95.80 5
76.41 181.44 8
184.68 65.31 9
-46.95 -181.37 6
-36.45 -184.65 5
-30.45 -192.65 5
124.86 -139.19 7
140.86 -139.12 9
-185.11 -43.28 5
-65.50 181.29 9
-82.10 188.25 9
115.03 156.86 10
105.95 170.03 6
-168.14 81.41 5
-180.70 73.22 10
-98.46 169.12 8
8.77 189.29 7
23.25 -192.55 8
-66.52 -180.37 7
-56.49 -188.64 6
17.17 200.49 7
191.18 3.88 7
193.08 19.77 9
-13.50 -198.42 10
196.06 37.52 9
-19.39 194.07 8
111.37 -167.26 7
183.83 -63.26 7
195.94 -51.33 10
-152.80 126.02 10
-163.61 114.23 6
-166.04 97.02 5
-180.55 93.22 10
-186.35 59.32 5
150.11 -119.73 6
157.02 -111.17 5
166.44 -114.53 5
184.14 81.30 7
172.90 91.24 6
167.51 101.96 6
157.67 -132.69 9
-195.65 -17.68 7
193.75 51.33 5
-159.57 -105.23 5
-161.41 -118.10 8
-82.71 -181.02 8
-73.02 -194.99 9
-189.03 -52.48 5
36.23 -191.76 5
47.66 -201.47 10
-175.07 -107.98 9
199.51 -18.94 9
204.64 -2.73 8
136.89 140.61 6
135.03 156.50 10
-29.99 -205.64 8
58.55 -189.12 6
72.33 -186.66 8
183.19 -93.57 7
156.17 127.12 7
64.08 185.56 5
54.98 189.70 5
-151.05 -135.77 10
-114.05 172.70 8
-32.37 193.40 5
-47.03 196.56 10
117.23 -154.33 5
129.09 -152.53 7
126.37 -167.28 8
-123.54 -155.96 5
-118.43 -167.91 8
-192.58 -31.10 6
-201.61 -44.31 10
-193.85 52.70 5
-210.30 -26.30 10
-139.77 146.68 9
-154.01 141.97 6
90.29 179.63 6
-167.57 -131.78 7
-0.35 198.55 6
-10.97 207.67 8
175.53 113.44 8
-205.92 12.25 5
44.75 195.98 7
31.10 199.09 7
-64.02 197.22 7
142.87 -154.99 7
-179.58 113.20 10
-45.42 -193.27 6
-42.88 -203.97 5
102.16 181.41 6
203.50 62.73 10
86.23 -184.96 6
-196.42 -64.37 9
-188.44 -77.07 6
187.41 97.98 10
6.33 210.86 8
-132.25 158.49 5
-99.97 186.05 9
65.66 -201.20 8
-106.54 -173.17 5
-98.66 -183.51 8
-89.91 -196.91 8
209.93 13.43 9
-187.31 -89.02 6
-188.33 -100.98 6
1.44 -210.16 9
18.27 -207.75 8
168.83 -124.24 5
-57.81 -202.58 8
-77.13 204.51 8
-204.32 46.84 7
-209.40 32.73 8
33.52 -212.60 8
209.86 29.43 7
151.68 138.25 5
153.52 152.13 9
192.42 -73.01 6
205.01 -66.88 8
204.82 -38.02 6
215.40 -27.39 9
125.32 172.83 9
112.98 179.45 5
196.39 -86.44 8
-195.59 83.33 8
-195.42 70.33 5
-207.09 62.60 9
-27.93 208.77 9
-45.29 216.48 10
191.39 115.53 8
-118.53 190.13 10
196.44 77.09 6
100.46 -189.70 9
109.65 -179.14 5
-131.05 172.44 9
-214.75 -59.38 10
-147.33 -151.33 6
-138.70 -158.15 5
-132.41 -167.17 6
71.07 196.52 8
58.33 199.12 5
-215.01 -8.93 8
178.40 -113.61 7
191.40 -106.12 8
167.71 123.82 5
86.89 192.18 7
82.61 204.45 6
-48.39 -217.92 10
50.79 209.71 8
156.90 -149.67 8
-168.21 137.14 9
-180.90 129.15 6
-4.74 222.41 8
-214.14 19.56 6
-219.21 6.51 8
-17.36 -217.02 9
-3.25 -226.50 8
209.50 41.42 5
217.62 51.57 8
142.14 -169.97 8
-177.02 -122.85 6
83.65 -200.75 10
221.38 -9.35 10
120.61 -180.04 6
34.54 214.72 9
101.54 195.40 8
19.56 215.45 6
198.51 87.89 5
166.20 133.71 5
171.96 147.56 10
178.74 -125.61 5
-62.77 212.17 8
214.86 -53.03 9
229.15 -40.51 10
-147.98 163.81 10
-164.71 154.80 9
-165.41 -146.62 8
-157.76 -160.67 8
-196.20 103.99 9
-206.03 92.66 6
-114.66 -183.46 8
-199.40 -78.05 5
-201.18 -90.93 8
100.64 -206.70 8
227.30 8.70 9
-95.13 204.42 10
-130.48 -181.04 8
-188.49 -111.98 5
-191.77 -125.59 9
207.11 -99.63 9
214.55 -82.15 10
172.49 -142.90 9
183.58 -134.36 5
-216.03 -40.16 5
-229.77 -46.18 10
148.55 168.39 8
140.37 184.42 10
-209.85 -74.61 6
-134.24 187.10 6
49.22 -221.41 10
62.09 -213.70 5
-74.72 217.28 5
-201.00 -106.93 8
68.20 214.29 10
-213.25 79.51 9
-32.46 -219.42 6
-25.84 -231.75 8
-20.65 224.13 8
113.10 189.45 5
-80.83 -210.09 8
-67.85 -210.84 5
-106.70 -194.97 6
-101.22 -206.76 7
184.92 132.33 10
12.82 -222.79 8
28.68 -228.90 9
84.07 216.36 6
-216.63 51.02 6
-221.37 39.99 6
135.21 -186.58 10
114.45 -189.15 5
7.33 -235.67 6
-146.18 -173.12 9
221.43 21.41 5
223.33 33.26 7
-34.12 227.94 6
-66.77 -225.80 10
157.55 -165.66 8
94.25 207.35 6
11.82 229.46 10
210.25 79.42 8
207.56 92.14 5
-113.69 208.50 9
207.31 107.14 10
188.87 -121.32 6
198.88 -116.75 5
74.80 -216.42 8
228.31 44.18 5
-223.35 -18.90 5
-235.89 -27.14 10
-227.53 26.31 9
122.68 186.58 5
-193.94 124.05 8
-209.16 116.48 9
224.37 68.26 10
-180.15 -135.07 6
-179.40 -147.05 6
-144.25 -191.02 9
129.06 194.28 5
-210.47 -122.24 10
-212.85 -85.19 5
115.95 -202.06 8
-235.78 10.31 9
-228.20 -4.23 6
-243.57 -8.67 10
42.87 -238.25 8
227.67 -67.06 10
54.43 224.26 7
41.92 227.78 6
165.38 164.31 8
160.68 181.69 10
-224.82 65.72 9
-234.38 49.30 10
27.76 228.10 6
-124.31 -193.61 6
-116.13 -202.39 6
-93.88 -220.98 9
-148.61 182.80 9
133.39 -206.50 10
175.11 -161.72 10
-181.75 149.00 9
-199.12 141.29 10
229.27 -25.51 5
239.28 -15.72 9
91.79 -222.37 10
35.11 240.01 8
-11.73 -241.23 9
194.33 -132.01 6
-87.28 220.62 8
212.88 -116.68 9
-252.45 6.99 8
114.64 200.34 6
106.81 210.72 7
96.49 220.19 7
126.90 207.10 8
-159.25 173.71 5
-167.76 168.46 5
-215.58 -97.90 8
-224.61 -111.11 8
-173.93 -157.73 6
-170.52 -173.36 10
-47.74 236.33 10
-59.84 225.86 6
-72.44 229.06 7
235.34 -54.17 5
-83.44 -236.85 10
152.63 -182.05 8
165.70 -177.04 6
243.88 1.68 9
-40.78 -233.12 7
-218.45 101.07 9
-113.40 -217.14 9
-4.92 240.41 10
-23.92 240.81 9
231.41 22.08 5
240.31 34.16 10
65.74 -230.80 9
-221.82 -73.73 6
-227.03 -86.72 8
-231.34 -63.11 7
-235.36 -75.47 6
-133.49 -204.18 8
18.07 -238.04 5
-55.20 -242.12 10
204.36 124.90 8
200.40 139.37 7
230.40 53.96 5
238.71 61.17 6
184.53 -150.05 5
195.40 -144.97 7
-130.07 203.95 8
-140.48 196.16 5
204.54 -127.93 5
151.98 193.91 5
222.70 83.17 5
219.29 94.68 7
78.07 225.58 5
67.00 234.15 9
-245.44 32.64 10
-36.99 248.18 6
-195.16 -144.29 10
-162.24 -190.46 9
-103.23 221.90 8
249.52 50.78 9
-228.38 87.27 8
-181.68 167.00 9
4.33 -251.39 10
186.96 147.19 5
184.94 160.03 8
178.77 175.87 9
57.92 -248.12 10
222.29 106.30 5
201.28 155.35 9
244.44 17.67 7
-240.21 75.06 9
181.26 -180.75 10
81.03 -235.53 7
-253.44 19.95 5
-212.67 -140.11 8
223.97 -97.49 8
229.16 -85.57 5
241.87 -79.69 9
21.31 242.34 6
9.95 248.65 7
-84.33 234.31 6
225.40 -110.41 5
110.69 -220.41 9
125.69 -220.53 6
-127.32 -215.62 5
-106.30 -232.59 8
-216.23 133.03 9
-152.27 198.37 7
152.32 -200.05 10
244.89 -31.77 8
27.93 -244.88 7
39.95 -256.90 10
52.10 245.94 10
118.17 220.51 8
142.96 200.21 6
141.28 214.11 8
-185.92 -157.36 6
87.68 228.34 5
248.12 -48.46 9
-33.07 -247.14 9
-18.96 -256.62 8
220.28 118.13 7
216.51 129.52 5
-62.74 236.47 5
-72.77 243.06 7
-248.63 60.29 8
-244.72 -40.48 6
-245.76 -54.44 8
-242.67 -67.07 5
242.49 76.72 10
231.82 87.27 5
-188.38 -171.14 8
210.76 -140.47 9
-192.44 158.04 5
-205.44 158.14 8
-71.60 -251.71 9
-163.13 189.53 7
-170.80 179.03 6
20.81 -262.72 10
106.66 226.56 5
-46.57 -259.05 9
-237.54 -100.08 9
-99.46 239.50 10
255.16 -66.11 10
-252.42 -23.18 7
-254.28 -35.04 5
-118.10 223.88 7
-132.52 219.76 8
163.16 -189.68 5
174.45 -199.56 10
231.78 98.27 6
-184.67 184.75 9
191.96 -159.47 7
202.83 -154.39 5
196.28 -172.79 7
83.89 242.85 10
236.64 113.51 10
-153.69 -205.16 8
-143.19 -212.83 5
-225.96 119.09 8
-232.38 106.65 6
-260.01 46.34 10
215.08 142.44 8
-246.32 -76.38 5
254.60 -20.34 7
255.82 -7.40 6
73.82 -246.35 6
-98.23 -245.23 7
-85.74 254.05 10
101.34 238.42 8
-0.85 255.88 6
-13.81 254.90 7
-29.19 262.15 10
96.11 -240.87 9
112.73 -237.29 8
-238.86 96.55 6
-47.53 251.33 5
-57.00 248.13 5
-66.44 255.54 7
220.86 -129.38 6
-142.92 205.90 5
-6.56 -263.11 6
-146.12 216.43 6
174.68 191.34 7
162.89 198.90 7
36.61 256.94 9
19.87 259.90 8
-209.46 -156.80 9
-205.86 -175.45 10
255.42 26.36 7
255.96 38.35 5
227.03 -120.28 5
133.31 230.25 10
-245.47 -87.35 6
-182.84 -185.08 7
-175.60 -194.65 5
216.47 -157.54 9
-229.49 -128.44 10
-228.64 -148.42 10
69.12 249.00 6
61.90 258.59 6
-258.05 -4.74 5
-265.32 -15.52 8
260.36 5.84 8
268.74 19.47 8
-136.79 -222.98 7
217.16 157.29 7
-220.62 150.49 9
236.47 -105.78 7
236.43 -93.78 5
251.23 -96.22 10
-250.42 88.65 8
195.80 170.38 7
193.96 187.28 10
-115.19 236.55 6
-123.84 -230.55 8
-116.17 -241.05 5
139.38 -223.48 8
151.22 -216.01 6
