0.00 0.00 10
20.00 0.00 10
10.00 17.32 10
-10.00 17.32 10
-20.00 -0.00 10
-10.00 -17.32 10
10.00 -17.32 10
30.00 -17.32 10
40.00 0.00 10
30.00 17.32 10
20.00 34.64 10
0.00 34.64 10
-20.00 34.64 10
-30.00 17.32 10
-40.00 -0.00 10
-30.00 -17.32 10
-20.00 -34.64 10
-0.00 -34.64 10
20.00 -34.64 10
40.00 -34.64 10
50.00 -17.32 10
60.00 0.00 10
50.00 17.32 10
40.00 34.64 10
30.00 51.96 10
10.00 51.96 10
-10.00 51.96 10
-30.00 51.96 10
-40.00 34.64 10
-50.00 17.32 10
-60.00 -0.00 10
-50.00 -17.32 10
-40.00 -34.64 10
-30.00 -51.96 10
-10.00 -51.96 10
10.00 -51.96 10
30.00 -51.96 10
70.00 17.32 10
20.00 69.28 10
-50.00 51.96 10
-70.00 -17.32 10
-20.00 -69.28 10
50.00 -51.96 10
60.00 -34.64 10
70.00 -17.32 10
80.00 0.00 10
60.00 34.64 10
50.00 51.96 10
40.00 69.28 10
0.00 69.28 10
-20.00 69.28 10
-40.00 69.28 10
-60.00 34.64 10
-70.00 17.32 10
-80.00 -0.00 10
-60.00 -34.64 10
-50.00 -51.96 10
-40.00 -69.28 10
-0.00 -69.28 10
20.00 -69.28 10
40.00 -69.28 10
90.00 17.32 10
30.00 86.60 10
-60.00 69.28 10
-90.00 -17.32 10
-30.00 -86.60 10
60.00 -69.28 10
70.00 -51.96 10
80.00 -34.64 10
90.00 -17.32 10
80.00 34.64 10
70.00 51.96 10
60.00 69.28 10
10.00 86.60 10
-10.00 86.60 10
-30.00 86.60 10
-70.00 51.96 10
-80.00 34.64 10
-90.00 17.32 10
-80.00 -34.64 10
-70.00 -51.96 10
-60.00 -69.28 10
-10.00 -86.60 10
10.00 -86.60 10
30.00 -86.60 10
100.00 34.64 10
-80.00 69.28 10
-100.00 -34.64 10
80.00 -69.28 10
100.00 0.00 10
50.00 86.60 10
-50.00 86.60 10
-100.00 -0.00 10
-50.00 -86.60 10
50.00 -86.60 10
110.00 17.32 10
-70.00 86.60 10
-110.00 -17.32 10
70.00 -86.60 10
90.00 -51.96 10
100.00 -34.64 10
110.00 -17.32 10
90.00 51.96 10
80.00 69.28 10
70.00 86.60 10
-90.00 51.96 10
-100.00 34.64 10
-110.00 17.32 10
-90.00 -51.96 10
-80.00 -69.28 10
-70.00 -86.60 10
120.00 34.64 10
-90.00 86.60 10
-120.00 -34.64 10
90.00 -86.60 10
120.00 0.00 10
-120.00 -0.00 10
130.00 17.32 10
-130.00 -17.32 10
100.00 -69.28 10
110.00 -51.96 10
120.00 -34.64 10
110.00 51.96 10
100.00 69.28 10
90.00 86.60 10
-100.00 69.28 10
-110.00 51.96 10
-120.00 34.64 10
-110.00 -51.96 10
-100.00 -69.28 10
-90.00 -86.60 10
130.00 51.96 10
-110.00 86.60 10
-130.00 -51.96 10
110.00 -86.60 10
130.00 -17.32 10
-130.00 17.32 10
140.00 34.64 10
-140.00 -34.64 10
140.00 0.00 10
-140.00 -0.00 10
120.00 -69.28 10
130.00 -51.96 10
140.00 -34.64 10
120.00 69.28 10
110.00 86.60 10
-120.00 69.28 10
-130.00 51.96 10
-140.00 34.64 10
-120.00 -69.28 10
-110.00 -86.60 10
130.00 -86.60 10
140.00 -69.28 10
140.00 69.28 10
130.00 86.60 10
-130.00 86.60 10
-140.00 69.28 10
-140.00 -69.28 10
-130.00 -86.60 10
150.0 96.6 -150.0 96.6
-150.0 96.6 -150.0 -96.6
-150.0 -96.6 150.0 -96.6
150.0 -96.6 150.0 96.6
