0.00 0.00 10
15.00 0.00 5
11.67 9.43 5
1.00 19.97 10
-13.23 10.67 7
-15.87 -2.06 6
-9.97 -12.51 6
1.53 -15.93 6
17.49 -14.79 10
24.85 -1.72 5
26.18 13.22 10
17.52 31.25 10
-28.53 5.99 9
-25.35 -7.64 5
-22.15 -21.27 9
-6.34 -27.51 8
6.54 -25.72 5
15.72 -29.69 5
-13.76 22.66 5
-24.54 20.45 6
2.22 35.92 6
-12.76 36.62 9
29.72 -29.33 9
32.47 -15.60 5
38.78 -3.10 9
42.09 11.53 6
-40.29 -8.93 10
-39.54 -28.92 10
-31.67 34.77 10
5.53 -39.68 9
-18.53 -37.88 8
20.46 -41.13 6
-39.80 18.71 8
-51.52 6.40 9
39.16 24.20 7
-7.51 -44.78 5
32.92 35.60 6
46.61 -20.62 10
55.67 -5.06 8
54.99 9.92 7
-57.29 -8.53 7
-31.63 -42.83 6
-53.41 -20.94 6
53.15 23.80 7
25.65 43.86 5
9.66 44.02 5
-49.38 31.53 8
31.25 -43.25 5
42.47 -39.00 7
55.85 -34.89 7
-62.47 20.69 9
46.50 36.12 7
-54.24 -31.91 5
66.58 -21.70 10
71.66 -4.43 8
-69.37 4.06 9
-49.09 -40.48 5
-71.67 -12.78 8
66.77 7.61 5
68.97 21.44 9
-65.24 -26.33 7
63.15 39.53 10
-64.87 38.53 9
-62.97 -40.14 7
-79.12 27.53 9
-81.61 12.74 6
83.47 9.16 10
-43.97 43.35 5
-83.20 1.85 5
-89.64 -11.70 10
68.57 -37.58 6
80.23 -31.83 7
81.47 -19.89 5
84.75 -9.39 6
-77.11 -24.59 5
-77.75 -37.57 8
95.80 -2.54 7
85.00 27.09 8
-94.54 -31.09 10
80.06 41.25 7
-91.66 19.30 6
-94.24 6.56 7
-104.33 -3.14 7
-79.33 42.53 6
-94.76 38.31 10
-103.81 23.92 7
95.67 -24.72 10
110.42 -11.21 10
103.14 12.80 10
98.00 26.89 5
96.05 40.75 9
-110.47 -18.99 10
-106.39 11.18 6
-119.05 3.13 9
121.69 5.31 10
90.46 -39.85 6
102.44 -39.22 6
112.90 -29.92 8
125.84 -20.50 8
-110.82 -35.99 7
112.58 30.43 10
112.40 50.43 10
129.83 22.48 9
-124.29 -10.93 6
-114.71 36.96 10
-117.29 20.16 7
77.79 -43.58 5
-128.95 14.40 6
-88.53 -44.83 5
133.04 -7.34 7
-127.59 -24.53 8
-124.45 -39.20 7
-101.99 -44.11 5
-111.87 -48.95 6
-125.52 -55.16 9
130.28 41.47 10
114.15 -44.87 7
124.76 -37.36 6
139.79 -31.87 10
-130.50 28.31 8
-136.03 2.32 8
-142.52 -14.47 10
139.67 6.11 8
144.48 19.26 6
-111.02 -61.92 7
126.94 57.12 6
118.20 65.34 6
-122.99 -73.99 10
147.37 -14.45 9
-143.64 17.52 9
-140.93 -31.40 7
-143.22 -48.25 10
128.53 -51.88 9
145.29 -49.01 8
147.71 33.91 9
154.78 0.85 8
-130.48 43.31 7
106.20 65.18 6
112.06 75.65 6
-145.15 36.93 9
-158.29 26.14 8
-105.49 48.79 5
-114.98 51.96 5
-124.79 53.88 5
-107.13 59.67 6
-120.61 68.29 10
-106.99 -74.28 6
-110.77 -89.83 10
131.24 70.44 8
123.37 85.51 9
109.39 86.32 5
-136.42 59.69 8
-150.92 52.92 8
-153.03 2.16 9
-160.47 -13.13 8
146.20 51.85 9
146.01 67.85 7
-140.69 -67.08 9
-105.79 70.59 5
112.31 -61.77 10
130.15 -70.81 10
-110.53 79.40 5
-122.69 88.18 10
-137.78 76.64 9
145.73 -64.00 7
112.39 101.02 10
156.98 15.69 7
-125.73 -88.74 5
-123.92 -100.60 7
-110.78 -107.83 8
-154.04 -25.57 6
-158.55 -38.82 8
153.16 -38.66 5
162.02 -26.55 10
-140.49 -86.08 10
-165.03 12.74 7
165.15 29.45 9
162.87 -10.57 6
113.93 -80.70 9
127.08 -85.49 5
142.01 -86.91 10
154.25 -75.11 7
-155.68 70.28 10
142.24 83.40 9
134.50 99.65 9
-159.36 41.75 6
-169.21 34.90 6
124.94 112.48 7
-106.77 89.74 6
-111.92 103.83 9
-129.81 105.79 9
-136.68 93.59 5
-150.14 89.73 9
112.08 118.02 7
98.26 112.18 8
102.05 124.61 5
92.10 123.63 5
83.57 115.19 7
81.38 129.02 7
71.66 120.39 6
69.58 131.19 5
60.55 124.91 6
58.52 139.77 9
50.16 128.54 5
44.80 136.98 5
35.54 125.18 10
33.30 143.04 8
23.65 134.33 5
16.79 122.13 9
12.89 136.61 6
3.52 129.12 6
-0.16 113.55 10
-10.46 128.31 8
-19.16 113.70 9
-24.45 127.74 6
-34.20 119.15 7
-37.71 134.76 9
-50.01 121.62 9
-2.09 141.95 8
-32.21 106.30 6
-19.06 142.97 9
-34.85 153.54 10
12.42 152.60 10
-44.11 107.83 6
-56.08 139.63 10
-57.10 107.28 7
-66.77 118.75 8
-75.42 134.54 10
-84.66 116.80 10
27.47 110.22 7
42.37 108.53 8
59.31 109.96 9
29.41 158.56 8
15.65 108.18 5
-72.77 106.10 6
73.90 106.50 6
-49.85 153.27 5
-4.05 156.82 7
-16.05 156.64 5
46.77 153.41 9
-23.29 168.62 9
-91.12 131.44 6
-102.89 122.14 9
-117.26 117.85 6
40.22 165.78 5
75.32 139.38 5
71.30 153.83 10
-64.10 157.95 10
-76.49 149.50 5
-158.55 -52.82 6
-154.04 -62.85 5
58.31 161.33 5
160.55 44.77 7
92.46 133.62 5
89.11 147.21 9
-128.90 120.76 6
-168.89 -0.72 7
17.40 171.97 10
-0.59 171.42 8
120.40 -94.23 6
132.36 -103.28 9
108.41 -94.65 6
114.40 -109.49 10
160.20 -57.17 9
171.40 -43.08 9
-138.54 -103.97 8
103.29 135.54 6
-89.08 146.26 8
-103.40 139.13 8
-123.54 -113.59 6
-114.75 -120.21 5
-104.79 -119.37 5
-92.93 -110.18 10
-95.11 -128.05 8
-81.19 -122.47 7
-74.98 -108.82 8
-66.19 -122.19 8
-74.47 -135.88 8
-56.53 -137.38 10
-62.02 -109.88 5
-48.91 -117.16 10
-36.97 -133.21 10
-29.04 -114.85 10
-22.74 -128.46 5
-15.58 -121.48 5
-12.03 -108.98 8
-0.65 -122.93 10
-12.66 -134.97 7
0.93 -108.01 5
11.14 -112.11 6
15.34 -123.35 6
22.98 -114.09 6
29.76 -127.47 9
36.82 -112.01 8
44.31 -123.84 6
52.80 -112.71 8
-0.28 -138.93 6
12.39 -136.01 7
25.18 -143.84 8
56.05 -126.33 6
64.21 -118.95 5
-23.59 -145.25 8
41.90 -140.76 9
65.26 -109.01 5
73.35 -114.89 5
60.88 -141.58 10
74.94 -128.80 9
-10.68 -146.81 5
-1.17 -149.89 5
84.15 -116.96 6
9.77 -148.74 6
19.51 -158.80 8
-43.63 -149.93 8
-30.82 -159.52 8
89.88 -127.50 6
103.36 -123.70 8
31.93 -154.95 5
42.90 -155.73 6
56.50 -159.04 8
-87.23 -138.39 5
-14.82 -159.13 8
-0.07 -161.84 7
-68.58 -150.75 8
-55.83 -158.65 7
78.46 -145.43 8
96.17 -142.21 10
11.06 -174.69 10
73.30 -161.63 9
172.74 2.02 10
181.60 19.95 10
-84.58 -151.12 8
159.99 57.76 6
158.88 69.71 6
-154.69 -74.83 7
-156.41 -87.72 6
109.43 -135.20 5
-170.57 -26.80 9
-44.45 -171.28 10
-12.80 183.25 9
-37.29 168.34 5
-51.41 173.41 10
-165.21 84.36 7
30.99 -164.91 5
40.86 -166.54 5
120.99 -127.31 9
136.25 -119.83 8
-111.13 -133.73 9
170.00 -72.27 9
-98.40 -141.66 6
-97.49 -152.62 5
-136.66 -120.87 9
-113.63 131.11 5
-124.60 131.96 6
-22.57 -169.57 5
-9.83 -175.38 9
0.25 -185.09 5
-168.78 55.17 10
-178.52 42.47 6
28.80 -177.72 8
50.13 167.09 5
-177.69 22.53 9
157.13 81.58 6
-180.47 -11.76 9
118.05 132.86 9
32.40 172.01 5
51.73 -175.36 9
-30.22 -176.01 5
105.98 149.28 8
135.64 125.69 10
177.98 -16.24 9
-174.63 -44.34 9
-170.52 -61.86 9
182.53 -31.58 7
-153.08 -100.29 7
153.70 93.08 6
151.11 108.87 10
92.30 -161.83 10
-180.69 6.81 7
-76.31 -162.42 6
-65.15 -169.09 7
-146.80 106.40 8
-125.94 -131.36 6
-170.86 -80.86 10
151.31 -104.61 10
158.83 -89.36 7
173.82 -88.84 8
174.37 42.53 7
170.25 53.80 5
150.53 123.86 5
-142.85 121.91 8
189.47 37.24 9
40.86 -189.70 9
149.24 -119.47 5
-79.05 159.17 5
-92.54 162.90 9
-57.93 -179.90 6
69.32 -179.18 9
-192.31 -1.00 7
85.23 161.70 6
75.49 170.31 7
63.50 169.88 5
175.17 -58.19 6
185.61 -50.44 7
171.26 65.76 7
-27.80 182.93 6
-40.85 187.99 8
122.96 150.18 9
-71.14 176.67 10
-88.07 178.26 7
44.09 179.72 9
-177.85 72.99 10
-22.79 -187.87 9
-101.27 151.95 5
5.79 188.25 10
61.63 183.75 9
107.72 -154.68 7
122.48 -146.25 10
97.06 158.74 5
94.42 169.42 6
-109.10 -149.60 7
-184.48 -25.17 5
-185.19 -35.14 5
27.61 189.17 10
190.87 -3.67 9
-187.17 34.15 6
-92.80 -163.67 7
-82.94 -173.60 7
-154.06 -116.26 9
-112.11 150.09 6
-127.92 147.61 10
169.99 79.70 7
-122.94 -142.98 6
-123.28 -158.98 10
-164.34 102.35 10
-177.32 91.38 7
138.86 -136.63 9
-143.08 137.91 8
10.28 -191.67 7
192.97 10.17 5
21.92 -188.75 5
169.29 96.69 10
-47.33 -189.05 8
85.21 -177.28 7
-8.87 -189.35 5
191.23 -39.84 5
-185.57 57.84 7
-190.31 45.73 6
141.21 144.90 10
182.25 54.10 7
184.21 66.95 6
-170.07 -100.84 10
-71.51 -183.31 8
168.85 115.68 9
-107.81 -171.65 10
-191.49 -46.51 8
-188.47 -63.24 9
-35.34 -194.07 5
190.46 -22.58 5
-191.60 24.08 5
-160.85 122.04 10
-192.07 13.09 6
79.51 185.80 9
193.72 50.58 5
-55.73 189.85 7
-189.86 -81.19 9
156.16 -131.64 9
-68.47 192.45 6
-138.38 -137.78 8
-137.56 -151.76 6
-194.43 -12.81 5
168.21 -102.75 7
-152.29 -132.16 7
-194.20 -22.81 5
-108.54 162.59 7
93.85 181.41 6
-172.54 -120.69 10
55.86 -189.78 6
112.52 166.05 10
66.42 -192.88 5
106.83 182.07 7
185.84 81.86 9
165.64 -117.53 8
187.24 -67.10 9
159.18 136.12 10
186.07 -82.05 6
50.17 193.43 6
-188.57 84.87 6
173.88 129.81 6
100.19 -178.01 8
-23.01 192.83 5
109.50 -167.56 6
-124.85 167.37 10
-101.87 175.90 7
-115.28 182.62 8
188.90 100.61 10
-160.60 142.04 10
-94.21 -180.08 6
121.76 -163.23 7
-60.91 -192.46 6
138.14 -158.69 10
-194.91 -32.78 5
-187.86 -98.07 8
193.17 60.56 5
152.85 -148.31 8
-80.19 189.87 6
-92.17 190.60 6
-85.51 -191.05 8
78.41 -192.35 7
92.32 -190.78 7
-193.81 74.08 6
-165.02 -134.81 6
-173.61 114.15 5
-186.14 105.91 10
134.70 159.52 6
129.34 172.45 8
184.79 117.10 7
182.14 -101.32 7
190.06 -92.30 5
-150.87 -146.09 7
-147.81 -159.75 7
-143.50 160.15 10
-162.48 160.95 9
181.59 -116.31 8
117.91 -181.17 10
-190.62 -114.84 9
133.80 -175.13 7
194.64 70.45 5
-102.82 187.86 5
120.59 184.64 7
-137.08 -167.08 6
-126.49 -177.71 9
-113.86 -187.54 7
-194.99 93.80 5
-162.86 -145.60 5
-176.88 132.24 9
-191.26 123.17 8
156.23 152.86 7
148.32 167.91 10
-100.50 -191.71 7
173.16 -131.65 8
190.15 -131.00 9
169.85 -148.32 9
91.94 192.24 5
187.74 131.81 8
140.54 185.24 9
105.32 -191.04 6
-130.25 183.49 7
-110.21 194.59 5
-146.86 179.87 10
175.50 143.72 8
101.91 193.01 5
170.56 159.99 9
-163.81 -159.57 9
150.77 -174.19 10
169.55 -167.32 10
-187.79 -133.63 10
-181.49 -152.61 10
-178.76 151.15 10
193.09 -108.33 6
-163.60 176.91 7
-148.81 -174.72 8
111.92 192.94 5
188.78 -149.95 10
-139.75 -186.67 7
-165.58 -177.48 9
190.22 146.60 7
165.42 178.28 10
129.01 193.19 5
189.38 -169.94 10
132.95 -189.10 7
188.38 162.49 9
146.85 -190.73 7
-183.91 -172.46 10
-176.89 169.96 8
-191.14 139.50 7
-191.63 163.73 8
163.80 -189.37 10
155.13 191.81 7
182.73 -187.74 9
-128.19 -192.61 6
-154.45 -187.53 6
183.41 178.75 8
-176.52 187.96 10
-177.73 -189.37 8
200.0 200.0 -200.0 200.0
-200.0 200.0 -200.0 -200.0
-200.0 -200.0 200.0 -200.0
200.0 -200.0 200.0 200.0
100.0 100.0 -100.0 100.0
-100.0 100.0 -100.0 50.0
-100.0 50.0 100.0 50.0
100.0 50.0 100.0 100.0
100.0 -100.0 -100.0 -100.0
-100.0 -100.0 -100.0 -50.0
-100.0 -50.0 100.0 -50.0
100.0 -50.0 100.0 -100.0
