0 1026
0 3
0 4
0 5
0 1030
0 7
0 8
0 9
0 11
0 13
0 15
0 16
0 17
0 532
0 21
0 22
0 23
0 24
0 26
0 28
0 30
0 31
0 34
0 35
0 37
0 38
0 1065
0 43
0 561
0 1076
0 565
0 56
0 570
0 60
0 574
0 67
0 76
0 79
0 81
0 88
0 1118
0 100
0 111
0 117
0 1146
0 125
0 127
0 128
0 641
0 642
0 132
0 145
0 662
0 669
0 161
0 1197
0 1207
0 187
0 191
0 705
0 194
0 717
0 210
0 219
0 220
0 739
0 1253
0 536
0 1258
0 1319
0 239
0 752
0 1272
0 1275
0 272
0 282
0 798
0 801
0 1316
0 806
0 49
0 1244
0 815
0 816
0 308
0 309
0 313
0 314
0 828
0 318
0 831
0 1350
0 333
0 848
0 1367
0 1374
0 354
0 358
0 1384
0 361
0 1035
0 375
0 1091
0 437
0 543
0 1480
0 1499
0 988
0 478
0 1021
0 511
1 3
1 4
1 6
1 8
1 10
1 16
1 1298
1 279
1 31
1 163
1 39
1 1321
1 50
1 180
1 1208
1 825
1 700
1 192
1 1219
1 838
1 457
1 83
1 354
1 101
1 230
1 376
2 811
2 3
2 709
2 46
2 559
3 4
3 5
3 6
3 9
3 12
3 13
3 19
3 20
3 22
3 540
3 32
3 518
3 39
3 1064
3 41
3 42
3 557
3 558
3 48
3 49
3 51
3 52
3 53
3 573
3 1120
3 66
3 69
3 70
3 74
3 587
3 80
3 83
3 1111
3 602
3 92
3 1077
3 96
3 97
3 106
3 628
3 131
3 654
3 146
3 660
3 1174
3 151
3 160
3 1052
3 682
3 193
3 196
3 209
3 726
3 729
3 730
3 219
3 746
3 1260
3 1261
3 753
3 242
3 247
3 1280
3 262
3 266
3 781
3 45
3 1298
3 643
3 46
3 800
3 292
3 314
3 827
3 830
3 319
3 834
3 326
3 1354
3 1363
3 1290
3 349
3 148
3 364
3 365
3 879
3 374
3 888
3 377
3 1414
3 403
3 916
3 406
3 1433
3 927
3 946
3 437
3 1463
3 958
3 447
3 75
3 452
3 454
3 1487
3 469
3 987
3 487
3 507
4 5
4 7
4 8
4 137
4 11
4 14
4 1295
4 16
4 18
4 149
4 670
4 280
4 283
4 1450
4 30
4 1311
4 33
4 546
4 35
4 1094
4 166
4 1054
4 1323
4 1325
4 560
4 648
4 435
4 181
4 1078
4 59
4 769
4 53
4 1472
4 70
4 893
4 969
4 847
4 80
4 595
4 472
4 90
4 603
4 869
4 994
4 443
4 357
4 486
4 233
4 765
4 880
4 241
4 498
4 761
4 892
4 509
5 64
5 6
5 647
5 777
5 388
5 350
5 905
5 57
5 58
5 91
5 221
5 62
5 543
6 514
6 7
6 9
6 10
6 12
6 17
6 18
6 19
6 21
6 535
6 24
6 25
6 1050
6 27
6 30
6 32
6 1057
6 37
6 42
6 1031
6 50
6 513
6 57
6 60
6 64
6 581
6 73
6 595
6 85
6 86
6 600
6 1116
6 1119
6 96
6 102
6 103
6 1112
6 640
6 1027
6 644
6 137
6 23
6 658
6 1172
6 1391
6 156
6 175
6 176
6 1054
6 188
6 544
6 707
6 206
6 207
6 721
6 723
6 214
6 217
6 225
6 235
6 751
6 753
6 1267
6 245
6 250
6 254
6 261
6 1297
6 284
6 804
6 307
6 1338
6 316
6 317
6 1342
6 321
6 1358
6 569
6 861
6 356
6 357
6 362
6 829
6 385
6 898
6 69
6 1088
6 939
6 498
6 436
6 954
6 966
6 968
6 994
6 999
6 1006
6 495
6 1009
6 1010
7 129
7 257
7 650
7 11
7 14
7 911
7 17
7 384
7 531
7 660
7 789
7 1180
7 797
7 34
7 902
7 38
7 423
7 552
7 1193
7 299
7 44
7 46
7 1328
7 435
7 52
7 1462
7 55
7 697
7 186
7 61
7 63
7 1220
7 73
7 74
7 716
7 610
7 334
7 717
7 464
7 1362
7 1491
7 87
7 866
7 734
7 98
7 995
7 614
7 486
7 103
7 361
7 875
7 1043
7 1397
7 489
7 120
7 1274
7 1257
7 253
7 895
8 1319
8 105
8 10
8 949
8 184
8 25
8 443
8 74
9 1152
9 258
9 1238
9 391
9 906
9 983
9 15
9 1176
9 146
9 405
9 279
9 792
9 26
9 1199
9 28
9 414
9 294
9 939
9 431
9 945
9 306
9 179
9 310
9 833
9 68
9 197
9 198
9 711
9 841
9 202
9 76
9 1231
9 466
9 212
9 1389
9 86
9 889
9 1245
9 97
9 422
9 108
9 18
9 242
9 117
9 1143
9 852
9 377
9 123
9 1159
9 1405
9 766
9 639
10 901
10 395
10 1164
10 147
10 1052
10 1439
10 544
10 168
10 554
10 171
10 1160
10 672
10 323
10 326
10 583
10 1110
10 1499
10 736
10 743
10 494
10 368
10 113
10 244
11 130
11 387
11 1046
11 136
11 137
11 139
11 12
11 141
11 785
11 19
11 661
11 278
11 1179
11 28
11 157
11 1271
11 890
11 932
11 425
11 48
11 1288
11 51
11 821
11 1335
11 501
11 704
11 587
11 73
11 203
11 972
11 1485
11 462
11 1105
11 1106
11 1107
11 1364
11 93
11 1376
11 1124
11 634
11 358
11 237
11 971
11 373
11 246
11 631
11 122
11 255
12 260
12 521
12 13
12 14
12 399
12 20
12 921
12 29
12 159
12 162
12 291
12 37
12 39
12 604
12 43
12 179
12 566
12 577
12 195
12 582
12 71
12 77
12 82
12 472
12 220
12 293
12 1250
12 455
12 1286
12 549
12 112
12 503
12 378
12 252
12 381
13 546
13 40
13 618
13 45
13 987
13 15
13 1138
13 467
13 727
13 600
13 303
13 413
13 606
14 386
14 1029
14 388
14 267
14 397
14 398
14 921
14 404
14 148
14 21
14 23
14 25
14 1308
14 1207
14 158
14 31
14 676
14 165
14 807
14 296
14 425
14 555
14 941
14 558
14 48
14 1148
14 50
14 308
14 54
14 311
14 441
14 839
14 704
14 1157
14 424
14 182
14 327
14 1192
14 1098
14 503
14 972
14 205
14 462
14 592
14 465
14 82
14 1236
14 725
14 1145
14 728
14 1128
14 219
14 843
14 227
14 485
14 1489
14 104
14 105
14 106
14 1131
14 364
14 109
14 110
14 113
14 579
14 822
14 116
14 788
14 489
14 504
14 20
14 122
14 380
14 638
14 127
15 685
15 1090
15 99
15 330
15 1324
15 493
15 400
15 617
15 1177
15 121
15 26
15 1468
16 66
16 230
16 1281
16 424
16 1067
16 45
16 461
16 504
16 565
16 280
16 475
17 897
17 1026
17 265
17 528
17 529
17 367
17 661
17 793
17 155
17 1053
17 164
17 1317
17 1007
17 174
17 944
17 393
17 1225
17 202
17 1281
17 77
17 207
17 340
17 91
17 1118
17 95
17 224
17 1040
17 355
17 488
17 363
17 1231
17 239
17 1011
17 506
17 381
18 770
18 387
18 982
18 652
18 141
18 1283
18 1047
18 27
18 1413
18 33
18 291
18 164
18 677
18 40
18 301
18 302
18 1352
18 307
18 181
18 568
18 698
18 1083
18 188
18 931
18 63
18 1238
18 839
18 840
18 585
18 330
18 331
18 1293
18 227
18 1179
18 598
18 475
18 994
18 99
18 100
18 1387
18 1203
18 112
18 1399
18 507
19 132
19 140
19 398
19 275
19 1433
19 409
19 414
19 33
19 164
19 1201
19 435
19 948
19 94
19 1438
19 1468
19 63
19 64
19 458
19 977
19 1241
19 92
19 734
19 100
19 1003
19 877
19 1394
20 131
20 520
20 1454
20 22
20 1432
20 154
20 283
20 1436
20 29
20 1314
20 35
20 1061
20 686
20 1331
20 222
20 1339
20 1341
20 193
20 451
20 324
20 1227
20 204
20 547
20 855
20 606
20 99
20 358
20 628
20 634
20 894
20 383
21 1400
21 36
21 1489
21 140
21 1002
21 44
21 493
21 401
21 86
21 969
21 24
21 954
21 93
21 255
22 260
22 134
22 264
22 1175
22 142
22 655
22 273
22 275
22 663
22 281
22 794
22 155
22 286
22 287
22 27
22 36
22 167
22 424
22 41
22 299
22 429
22 559
22 690
22 51
22 1079
22 696
22 60
22 189
22 539
22 321
22 579
22 1007
22 1351
22 587
22 1443
22 89
22 91
22 860
22 1278
22 488
22 1265
22 61
22 1137
22 245
22 297
22 505
22 1146
22 1022
23 512
23 1281
23 909
23 143
23 156
23 418
23 36
23 732
23 306
23 94
23 61
23 446
23 65
23 1479
23 1228
23 78
23 79
23 336
23 1361
23 595
23 783
23 348
23 478
23 867
23 998
23 988
23 510
23 126
24 258
24 131
24 132
24 134
24 392
24 907
24 529
24 274
24 1407
24 277
24 1056
24 240
24 1479
24 944
24 178
24 820
24 952
24 57
24 189
24 574
24 703
24 262
24 583
24 76
24 332
24 1231
24 1336
24 724
24 569
24 347
24 221
24 864
24 482
24 1147
24 229
24 1387
24 876
24 749
24 1085
24 496
24 626
24 1139
24 1145
24 831
25 768
25 34
25 1123
25 102
25 871
25 1101
25 78
25 1253
25 820
25 1236
25 383
26 130
26 141
26 272
26 29
26 675
26 940
26 178
26 563
26 53
26 310
26 953
26 444
26 573
26 962
26 72
26 80
26 1123
26 214
26 729
26 1114
26 859
26 348
26 224
26 611
26 1385
26 109
26 1139
26 1403
26 508
26 509
27 403
27 1396
28 32
28 617
28 545
28 40
28 394
28 403
28 911
28 136
28 115
28 372
28 55
28 253
28 446
29 516
29 1160
29 1417
29 1178
29 919
29 922
29 541
29 1313
29 38
29 935
29 298
29 683
29 304
29 822
29 952
29 1469
29 438
29 721
29 854
29 93
29 98
29 498
29 56
29 1277
29 1407
30 1299
30 1103
30 491
30 516
30 47
30 1138
30 979
30 854
30 196
30 591
30 191
30 964
30 1018
30 1418
30 95
31 258
31 770
31 658
31 789
31 286
31 290
31 420
31 423
31 552
31 425
31 1066
31 430
31 989
31 54
31 185
31 186
31 68
31 694
31 841
31 909
31 848
31 210
31 211
31 1239
31 346
31 1245
31 221
31 223
31 490
31 807
31 496
31 497
31 632
32 1408
32 865
32 262
32 1361
32 360
32 1320
32 214
32 279
32 123
32 543
33 225
33 130
33 229
33 880
33 1287
33 361
33 653
33 1390
33 112
33 81
33 659
33 313
33 883
33 158
34 580
34 263
34 1161
34 1130
34 144
34 630
34 440
34 868
35 161
35 171
35 103
35 200
35 873
35 1168
35 43
35 1038
35 208
35 359
35 150
35 1092
35 90
35 135
35 218
35 833
36 646
36 145
36 531
36 291
36 171
36 688
36 312
36 572
36 1092
36 72
36 203
36 460
36 84
36 215
36 1242
36 480
36 229
36 113
36 1014
36 125
36 277
37 233
37 1163
37 1101
37 142
37 175
37 1232
37 244
37 157
38 352
38 802
38 1192
38 572
38 107
38 173
38 892
38 143
38 144
38 433
38 149
38 473
38 284
38 382
39 900
39 385
39 777
39 651
39 528
39 672
39 163
39 41
39 42
39 775
39 52
39 116
39 59
39 196
39 70
39 1420
39 216
39 1113
39 614
39 756
39 169
40 416
40 1120
40 706
40 740
40 433
40 348
40 1229
40 335
40 344
40 1272
40 1173
40 118
40 1303
40 152
40 698
40 922
40 862
41 624
41 292
41 47
41 336
41 1010
41 85
41 1055
41 990
41 927
42 1224
42 142
42 1071
42 1202
42 467
42 117
42 697
42 217
43 640
43 610
43 166
43 657
43 106
43 44
43 47
43 401
43 84
43 1385
44 65
44 578
44 105
44 107
44 353
44 1198
44 111
44 1187
44 212
44 150
44 1001
44 1144
44 827
44 1467
45 1158
45 321
45 268
45 194
45 281
45 154
45 156
45 287
45 289
45 49
45 58
45 187
45 193
45 66
45 200
45 222
45 228
45 1000
45 116
45 1275
46 353
46 852
46 715
46 680
46 938
46 75
46 1198
46 145
46 276
46 630
46 87
46 216
46 468
46 286
47 129
47 1412
47 389
47 1036
47 1219
47 405
47 415
47 288
47 1313
47 165
47 167
47 814
47 1458
47 819
47 309
47 1465
47 58
47 1461
47 1099
47 843
47 973
47 1357
47 338
47 856
47 347
47 992
47 1122
47 485
47 104
47 679
47 125
47 661
48 192
48 293
48 198
48 335
48 815
48 351
49 1025
49 866
49 135
49 72
49 233
49 107
49 1216
49 527
49 968
49 259
49 373
49 1356
49 249
49 835
49 199
49 702
50 1451
50 556
50 138
50 139
50 271
50 1168
50 402
50 664
50 541
50 1477
50 162
50 550
50 168
50 170
50 455
50 172
50 302
50 1309
50 1202
50 54
50 183
50 56
50 185
50 826
50 266
50 319
50 1219
50 452
50 566
50 71
50 1490
50 1209
50 1117
50 1257
50 874
50 445
50 887
50 888
50 506
50 124
51 897
51 1162
51 397
51 404
51 282
51 157
51 422
51 554
51 1076
51 55
51 575
51 1216
51 833
51 67
51 720
51 339
51 213
51 733
51 735
51 483
51 101
51 1127
51 745
51 750
51 1263
51 114
51 760
51 250
51 380
52 481
52 391
52 134
52 230
52 285
52 1140
52 534
52 267
52 762
52 335
52 189
53 128
53 257
53 930
53 776
53 490
53 752
53 691
53 1364
53 1495
53 184
53 121
53 251
53 1274
54 1024
54 1420
54 809
54 298
54 71
54 429
54 430
54 563
54 1460
54 951
54 59
54 62
54 1473
54 583
54 201
54 460
54 603
54 223
54 1249
54 1124
54 487
54 114
54 502
54 1321
54 505
54 122
54 379
54 938
54 638
55 128
55 787
55 1006
55 410
55 689
55 307
55 180
55 182
55 567
55 444
55 205
55 845
55 81
55 84
55 480
55 98
55 110
55 1147
55 767
56 517
56 518
56 109
56 367
56 1392
56 659
56 982
56 248
57 1379
57 265
57 1354
57 79
57 277
57 381
57 62
57 1279
58 1254
58 1484
58 147
58 500
58 120
58 251
58 1214
58 805
59 1152
59 391
59 139
59 1434
59 805
59 685
59 1466
59 575
59 65
59 993
59 206
59 980
59 224
59 97
59 104
59 1001
59 872
59 379
59 127
60 388
60 1300
60 1432
60 799
60 678
60 1069
60 1075
60 441
60 159
60 198
60 75
60 1102
60 338
60 83
60 92
60 227
60 232
60 110
60 111
60 488
60 115
60 119
61 517
61 390
61 1291
61 781
61 1424
61 1185
61 1318
61 679
61 173
61 303
61 688
61 1082
61 1470
61 68
61 592
61 468
61 88
61 473
61 90
61 859
61 733
61 225
61 354
61 101
61 743
61 935
61 108
61 879
61 240
61 464
61 1398
61 1146
61 124
61 126
62 1154
62 995
62 342
62 1190
62 649
62 653
62 78
62 1243
62 784
62 1073
62 212
62 1390
62 343
62 447
62 69
63 481
63 450
63 67
63 742
63 195
63 1136
63 263
63 1100
63 143
63 176
63 545
63 791
63 1158
63 89
63 1225
63 1126
63 350
64 667
64 1343
65 738
66 133
66 1416
66 169
66 1355
66 77
66 824
66 1174
66 440
66 655
66 1116
66 94
66 549
67 908
67 119
67 281
67 284
68 1002
68 235
68 269
68 559
68 530
68 1492
68 1325
69 1186
69 182
69 303
69 1492
69 470
69 636
70 864
70 420
70 1097
70 524
70 436
70 1144
70 412
71 192
71 609
71 613
71 1190
71 1385
71 362
71 715
71 594
71 719
71 432
71 755
71 372
71 85
71 183
71 124
71 773
72 585
72 177
72 232
72 584
72 239
72 244
72 375
72 216
72 1375
73 256
73 1389
73 1469
73 95
74 897
74 1314
74 1318
74 422
74 809
74 327
74 944
74 136
74 1334
74 1457
74 120
74 152
74 363
74 1191
74 1434
75 386
75 612
75 199
75 1288
75 265
75 727
75 237
75 591
75 240
75 273
75 969
75 211
75 724
75 215
75 657
75 537
75 571
75 297
76 1325
76 88
76 1303
76 605
76 318
77 945
77 490
77 663
77 238
77 943
77 855
77 1397
77 535
77 1049
77 1179
77 350
77 1023
78 804
78 741
78 1284
78 1356
78 300
78 82
78 89
78 445
79 325
79 263
79 776
79 844
79 394
79 140
79 921
79 856
79 186
79 1061
80 456
80 1196
80 554
80 748
81 646
81 161
81 935
81 711
81 428
81 1485
81 1309
81 1201
81 1458
81 499
81 533
81 1144
81 442
81 412
81 957
81 222
81 1119
82 256
82 640
82 135
82 1295
82 531
82 560
82 691
82 542
82 289
82 290
82 548
82 710
82 551
82 170
82 683
82 1459
82 432
82 305
82 563
82 414
82 439
82 313
82 573
82 578
82 582
82 1479
82 712
82 1335
82 337
82 1493
82 825
82 1368
82 345
82 1060
82 991
82 226
82 1124
82 108
82 701
83 1252
83 1191
83 1300
83 694
84 385
84 561
84 264
84 970
84 241
84 114
84 1015
84 836
84 153
84 1051
84 957
84 1439
85 96
85 705
85 451
85 964
85 102
85 491
85 581
85 1009
85 305
85 643
85 1365
85 470
85 475
85 668
85 477
85 325
86 803
86 708
86 138
86 87
86 684
86 1135
86 1162
86 627
86 1098
86 1155
86 119
86 1016
86 234
86 247
87 593
87 1016
87 538
87 1437
87 1311
88 166
88 231
88 465
88 115
88 476
89 1282
89 325
89 485
89 689
89 339
89 1428
89 1336
89 316
90 268
90 1453
90 733
90 1233
90 338
90 1430
91 673
91 1409
91 850
91 754
91 691
91 820
91 1273
91 956
91 254
92 708
92 657
92 967
92 1394
92 398
92 432
92 369
92 530
92 596
92 665
92 570
92 996
92 1466
93 1357
93 526
94 1188
94 900
94 1480
94 1097
94 528
94 149
94 1081
94 1019
94 1499
95 611
95 246
95 483
95 197
95 1134
95 339
95 150
95 123
96 906
96 396
96 529
96 155
96 991
97 267
97 260
98 930
98 636
98 428
98 536
98 405
98 1308
98 312
98 761
98 604
99 1233
99 232
99 616
99 978
99 337
100 1075
100 1107
100 1408
100 818
100 1230
100 751
100 852
100 950
100 250
100 668
100 829
100 190
101 1112
101 838
102 608
102 612
102 133
102 817
102 306
102 220
103 419
103 772
103 183
104 256
104 1067
104 460
104 213
104 1142
104 953
104 153
106 571
106 901
107 1025
107 194
107 163
107 324
107 165
107 236
107 975
107 208
107 707
107 1205
107 408
107 1213
107 837
108 736
108 162
108 834
108 1134
108 1405
108 309
108 1305
109 418
109 1252
109 648
109 482
109 118
109 153
109 121
109 317
109 1023
110 608
110 129
110 612
110 796
110 521
110 172
110 752
110 1494
110 1048
110 925
111 352
111 259
111 199
111 168
111 535
111 334
111 463
111 433
111 372
111 343
111 468
112 449
112 938
112 974
112 659
112 1241
112 347
112 892
112 158
113 1227
113 1125
113 519
113 1015
113 206
113 247
113 462
113 1141
113 319
114 800
114 707
114 1348
114 328
114 493
114 1072
114 689
114 1301
114 1017
114 152
114 761
115 126
115 209
116 1455
116 180
116 824
116 1209
116 378
116 253
117 1449
117 1334
117 300
117 269
117 175
117 562
117 211
117 917
117 118
117 745
117 380
118 769
118 1478
118 1094
118 1097
118 653
118 717
119 1309
120 616
120 540
120 474
120 346
120 415
121 1404
121 1419
122 160
122 898
122 715
122 740
122 1256
122 585
122 458
122 179
122 500
122 249
123 471
123 1234
123 407
123 984
123 1468
123 252
124 1029
124 906
124 523
124 146
124 209
124 147
124 340
124 1148
125 1481
125 1069
126 929
126 835
126 133
126 522
126 1149
126 911
126 402
126 1130
126 758
126 947
127 1442
127 355
127 1060
127 1415
127 713
127 522
127 396
127 269
127 148
127 596
127 410
127 1340
128 576
128 515
128 1094
128 167
128 360
128 796
128 301
128 174
128 1031
128 467
128 755
128 151
128 631
128 154
128 476
128 254
129 608
129 1190
129 390
129 626
129 662
129 1371
130 896
130 1025
130 1478
130 487
130 428
130 400
130 609
130 1476
131 1453
131 527
131 144
132 1070
132 1128
133 1089
133 1317
133 690
133 280
133 607
134 384
134 1024
134 598
134 999
134 1225
134 170
134 172
134 1229
134 367
134 369
134 1330
134 510
134 1172
134 1244
134 925
134 190
135 296
135 396
136 160
136 939
136 548
136 169
136 1085
136 790
136 138
137 237
137 942
137 344
137 633
137 1183
138 292
138 434
138 176
138 539
139 635
139 464
139 478
139 1087
140 956
141 1121
141 322
141 731
141 550
141 1127
141 588
141 205
141 386
141 749
141 243
141 341
141 406
141 952
141 1379
141 315
141 899
141 798
142 395
142 637
143 1350
143 998
143 845
143 1103
143 1392
143 882
143 1108
143 184
143 217
143 957
144 288
144 965
144 1446
144 328
144 151
144 958
144 511
145 1211
145 678
145 392
145 266
145 204
145 241
145 882
145 270
145 377
145 1055
145 1406
145 629
146 1328
146 1365
146 876
146 754
146 987
146 1008
146 370
146 213
146 697
146 379
146 1469
146 159
147 1156
147 1380
147 477
148 226
148 836
148 971
148 876
148 1122
148 174
148 1007
148 1047
148 1273
149 977
150 912
150 588
151 208
151 998
151 682
151 459
151 920
152 416
152 261
152 589
153 1294
153 551
153 983
153 780
153 238
153 365
153 1201
153 178
153 469
153 342
153 215
153 601
153 539
153 671
153 1021
153 223
154 1345
154 259
154 885
154 728
154 187
155 609
155 453
155 327
155 392
155 842
155 1351
155 492
155 687
155 601
155 1151
155 479
156 1320
156 748
156 1226
156 407
156 204
156 207
156 177
156 1460
156 446
157 320
157 416
157 438
157 704
158 805
158 744
158 235
158 173
158 399
158 177
158 469
158 368
158 345
158 218
159 288
159 576
159 619
159 1163
159 295
159 201
159 427
159 722
159 1127
159 1199
159 1044
159 955
159 191
160 544
160 1020
160 782
160 188
161 332
161 899
162 594
162 246
162 1021
162 1054
163 200
163 814
163 413
164 323
164 356
164 457
164 426
165 1391
165 950
167 1096
167 683
167 541
168 1286
168 423
168 273
169 272
169 525
170 1485
171 615
171 298
171 654
171 271
171 1393
171 242
171 1462
171 1051
171 330
171 767
172 411
172 1223
172 620
172 923
173 1358
174 1276
174 228
175 737
175 1475
175 297
175 1294
175 1359
175 645
175 692
175 340
175 726
175 185
175 671
175 501
176 963
177 231
177 619
177 236
177 527
177 1206
177 1431
177 696
178 195
178 1138
178 210
178 181
178 537
179 315
179 584
179 1291
179 1323
179 283
180 201
181 349
182 451
182 203
182 1296
182 526
182 1337
182 190
183 1451
183 778
183 912
183 914
183 1304
183 925
183 1441
183 293
183 808
183 1223
183 567
183 318
183 579
183 453
183 968
183 591
183 1104
183 337
183 471
183 218
183 745
183 1133
183 1394
183 502
183 635
184 869
184 359
184 532
184 924
184 989
184 1253
185 1170
185 685
185 658
185 669
186 480
186 1442
186 486
186 936
186 651
186 1427
186 282
186 815
187 1121
187 1028
187 197
187 842
187 853
187 828
187 1013
188 1228
188 276
189 516
189 650
189 331
189 557
189 495
189 1072
189 248
189 1395
189 1082
189 411
190 732
190 341
191 712
191 649
191 812
191 1331
191 533
191 1306
192 390
192 202
192 621
192 1133
192 915
192 508
193 1349
193 1368
193 316
194 257
194 747
194 228
194 519
194 883
194 458
194 270
194 1039
194 1200
194 352
194 243
194 1448
194 795
194 861
194 1086
195 289
195 875
195 621
195 1197
195 311
196 421
196 533
196 248
196 637
197 418
197 324
197 902
197 1063
197 695
197 371
197 598
197 649
197 349
198 499
198 1212
199 737
199 929
199 849
199 553
199 1322
199 950
200 1120
200 1153
200 709
200 716
200 684
200 301
200 749
200 914
200 341
200 1292
200 759
200 1019
200 511
201 611
201 389
201 682
201 1406
201 270
201 720
201 536
201 741
201 942
201 599
201 408
201 537
201 890
201 1076
201 670
202 481
202 514
202 1290
202 461
202 1363
202 1210
202 287
203 296
203 394
203 1128
203 1306
203 639
204 1411
204 526
204 882
204 792
204 378
204 1435
204 862
205 1199
205 807
206 572
207 840
207 817
208 226
208 747
208 234
208 590
208 371
208 826
208 1151
209 454
209 1101
209 274
209 382
210 448
210 868
210 1320
210 1084
210 1269
210 1114
210 476
210 1149
211 652
211 1486
212 356
212 645
212 747
212 1182
212 757
213 646
213 874
213 1132
213 1269
213 663
214 656
214 231
214 1102
214 366
214 336
214 789
214 918
214 695
214 664
214 956
214 927
215 1250
215 547
215 871
215 234
215 1260
215 496
215 434
215 437
215 534
215 1147
215 797
215 862
216 1155
216 1132
216 366
216 633
216 346
217 1226
217 302
218 913
218 1137
218 870
218 359
218 1283
218 553
218 295
218 589
218 561
218 871
218 915
219 365
219 982
219 1212
219 702
220 1324
220 322
220 443
220 1425
220 588
220 970
220 401
220 643
220 821
220 727
220 249
220 315
220 285
220 1150
221 840
221 1175
221 400
221 818
221 919
222 434
222 466
222 1112
223 1186
223 963
223 1171
223 586
223 1218
223 243
223 276
223 441
223 442
223 509
224 305
225 1415
225 238
225 1328
225 979
225 1339
226 734
226 582
227 963
227 328
227 252
227 236
227 1020
227 1487
227 681
227 1369
228 1248
228 1255
228 1461
228 1180
229 331
229 1403
229 1215
230 1447
230 375
230 602
231 555
231 910
231 824
231 304
231 723
231 1205
231 374
231 1157
232 813
232 1421
232 505
232 251
233 369
233 264
233 618
233 333
233 946
233 1464
233 1211
234 384
234 1344
234 710
234 1135
234 308
235 1237
236 934
236 599
236 1182
237 322
237 245
237 507
238 320
238 1093
238 622
238 1494
238 765
239 1083
240 673
240 564
240 1271
240 404
241 961
241 714
241 1204
242 725
243 421
243 940
243 857
244 1185
244 771
244 520
244 501
244 1402
244 373
245 580
245 551
245 1355
245 816
245 787
245 564
245 788
245 955
246 1033
247 622
247 1266
247 1315
247 430
247 793
247 794
247 667
248 1418
248 317
248 408
248 700
249 867
249 1359
250 426
250 1109
251 1089
251 261
251 679
251 1197
251 532
252 523
252 891
253 512
253 420
253 869
253 678
253 808
253 1295
253 853
253 304
253 753
253 274
253 597
253 278
253 600
253 1316
253 1434
253 891
253 255
254 1377
254 1115
254 484
254 1287
254 810
254 268
254 1455
254 786
254 310
254 1176
254 1050
254 1418
255 1254
255 1297
255 342
255 991
256 706
256 868
256 741
256 819
256 345
256 1435
257 914
257 694
257 1340
257 1277
258 323
258 778
258 1065
258 949
258 343
258 1183
258 1213
259 1477
259 519
259 370
259 465
259 856
259 1433
260 866
260 355
261 870
261 650
261 1068
261 1234
261 366
261 816
261 1042
261 915
261 596
261 948
261 1370
261 1445
262 1350
262 620
262 271
262 275
262 409
262 444
263 1316
263 903
263 329
263 630
263 1117
265 290
265 891
265 294
265 329
265 706
265 975
265 607
265 1084
265 351
266 294
267 362
267 522
268 448
268 453
268 742
268 295
268 393
268 687
268 1237
268 1495
268 696
268 1279
269 929
269 1222
270 932
271 1393
271 569
271 473
272 576
272 771
272 1057
272 903
272 1191
272 946
272 818
272 917
272 1119
272 351
274 613
274 1005
274 1279
275 962
275 811
275 1450
275 491
275 846
275 786
275 660
275 278
275 568
275 1482
276 750
276 454
276 552
276 924
276 744
276 1037
276 680
276 718
277 961
277 878
277 1429
279 1378
279 389
279 417
279 456
279 300
279 525
279 849
279 947
279 1109
279 314
279 477
279 881
280 449
280 674
280 934
280 329
280 1042
280 1108
280 688
280 894
281 681
281 426
281 1459
281 786
281 787
281 312
281 285
282 1339
284 570
284 557
285 586
285 1450
285 1246
285 1087
286 601
286 877
287 470
287 344
287 357
289 1202
289 1066
289 371
289 760
289 1081
290 1347
290 555
290 1335
290 636
293 1424
293 647
293 1048
293 1436
294 960
294 483
294 967
294 1079
294 1104
295 656
295 1041
295 980
295 863
296 1139
296 429
297 751
298 299
298 1448
298 1034
298 363
298 1421
298 334
298 1235
298 823
298 1400
298 538
298 686
300 320
300 614
300 879
300 1375
300 699
300 863
301 771
301 714
301 1195
301 492
301 540
301 1182
302 427
302 758
302 958
303 829
303 1175
304 512
304 937
304 311
304 1115
304 703
305 644
305 459
305 333
305 910
306 699
306 702
307 326
307 399
307 376
307 719
308 1012
309 718
309 1359
309 592
311 738
311 397
311 1304
311 830
312 436
313 623
313 504
313 700
313 766
314 500
314 1263
315 790
316 482
316 515
316 1040
316 1091
316 502
316 415
317 940
317 1365
318 1292
318 1401
318 858
318 604
319 672
319 332
319 562
319 655
319 639
320 1154
320 1323
320 797
320 976
320 913
320 1110
320 857
321 873
321 590
321 759
322 746
322 1077
323 676
323 370
324 1129
324 497
324 793
325 448
325 1232
325 566
325 1181
326 1496
328 484
329 923
329 492
329 1165
329 1235
329 795
329 382
330 1402
331 1089
331 1347
331 1412
331 553
331 1326
331 817
331 756
331 597
331 1083
331 413
332 1259
332 445
332 1437
333 1045
334 459
334 1368
334 722
334 374
334 376
334 1497
334 411
335 1177
336 353
336 941
336 499
336 565
336 1113
336 410
337 427
338 524
339 973
339 590
339 886
339 1341
340 719
340 1171
340 884
340 1471
341 967
341 1001
341 1005
342 796
342 677
343 712
343 489
343 905
343 885
343 713
343 986
343 1402
343 447
344 450
344 720
344 466
344 1014
344 1149
345 387
345 804
345 1099
345 899
345 823
346 449
346 773
346 806
346 1041
346 632
346 627
346 406
346 937
346 574
347 1370
348 1409
348 546
348 1483
348 1412
348 393
348 823
348 1420
348 1426
348 623
348 368
348 594
348 1181
348 1178
348 606
349 1463
349 809
350 360
350 1068
350 1366
350 922
352 547
352 1386
352 620
352 1392
352 597
353 1250
353 456
353 1164
353 662
353 442
354 1372
356 710
356 1156
356 1116
357 988
357 1157
358 1431
358 933
358 518
358 1159
358 523
358 855
360 1289
360 782
360 1342
360 757
361 872
361 364
361 690
361 564
361 1045
361 1398
361 1208
363 644
363 778
363 1336
363 412
364 904
365 887
365 1396
365 1177
365 632
367 1448
367 1033
367 395
367 878
367 439
368 417
368 1352
368 1429
368 1033
368 1307
368 668
369 549
369 1327
369 567
369 1406
370 669
370 739
371 1208
372 1248
372 1226
372 1079
372 825
373 383
374 623
374 721
374 699
375 675
375 714
375 844
375 402
375 1333
375 538
376 1171
377 514
377 1126
377 495
377 1042
377 419
377 534
377 931
377 1343
379 800
379 909
379 1357
379 1150
380 510
380 1258
381 409
381 971
382 896
382 450
382 1386
382 983
383 577
383 1125
383 842
383 463
384 755
384 1429
384 602
384 794
384 1438
384 735
385 731
386 832
386 1161
386 1049
387 629
388 744
388 626
388 474
389 1063
390 455
391 419
391 997
391 1000
391 461
391 431
391 1027
391 472
391 1113
392 674
392 748
392 1006
393 593
395 792
395 484
396 1217
396 1453
397 867
397 854
397 1031
397 681
397 790
397 735
398 1315
398 978
399 452
399 780
399 845
399 431
399 407
401 931
401 580
401 440
401 1109
401 990
401 479
403 417
403 732
403 1210
404 1037
404 923
404 1151
405 494
405 1466
405 1338
408 993
408 779
408 1043
408 1207
408 670
409 841
409 1150
409 791
409 1020
409 1086
410 919
410 990
411 421
411 1030
411 1160
411 1355
411 503
412 619
412 1059
413 781
413 1273
413 1084
417 1297
418 515
418 1220
418 934
418 791
418 764
419 517
419 575
420 673
420 1251
420 474
421 645
421 457
421 652
423 1313
424 1223
424 783
424 725
424 698
424 765
426 904
426 951
426 924
427 506
428 525
428 438
428 439
428 888
429 1188
429 1169
429 1032
430 1178
430 1206
431 1106
433 1161
434 1349
434 978
434 1016
435 642
435 1159
437 943
438 586
440 463
442 1284
443 571
444 603
445 677
446 1135
447 1240
447 770
448 1198
452 471
452 814
452 1131
452 631
452 729
453 889
454 1288
454 846
456 664
456 494
457 900
457 1346
458 836
458 686
458 562
459 542
460 837
460 1004
460 1337
461 1008
461 521
461 684
461 1141
461 618
462 666
462 1444
465 1032
465 622
465 1224
465 1305
465 638
466 605
467 1255
467 905
467 908
467 926
469 1381
469 742
469 810
469 524
469 628
469 756
470 558
470 560
470 497
471 513
471 811
471 740
471 651
471 975
471 912
471 1334
472 520
472 1436
472 479
473 1417
473 810
473 1427
474 851
474 605
475 545
475 1218
476 635
477 1195
479 948
481 768
481 832
481 675
481 1382
481 624
481 1310
481 1398
481 1470
481 634
481 1246
482 928
482 1454
483 1189
483 839
483 1306
485 1300
485 1449
487 1265
487 1372
487 799
488 1059
488 1110
488 625
488 877
489 826
489 1413
490 1066
490 1015
490 760
490 542
492 556
496 1169
496 1428
496 1333
497 951
497 861
497 895
499 1145
499 647
500 1095
500 680
500 860
501 693
502 656
502 508
503 617
503 827
504 1410
504 1284
505 1187
505 722
505 883
507 513
509 616
509 693
509 857
509 1310
510 1492
510 530
511 890
512 943
512 853
513 1296
514 676
514 1241
515 577
515 838
515 615
515 1013
516 1388
516 1029
517 1211
519 625
520 716
520 1496
520 665
521 898
521 1192
521 713
521 1106
521 1326
521 1240
521 799
522 581
523 1312
523 769
524 844
524 973
524 568
525 584
525 949
525 953
527 1039
528 1285
531 666
531 974
532 1063
533 1377
534 920
534 908
535 1038
535 739
537 864
537 1186
537 933
537 1255
537 904
537 1194
538 548
538 1125
538 687
538 1180
538 607
539 880
539 1301
541 1415
541 1003
541 589
541 1396
541 1238
541 599
541 666
542 1062
542 910
543 1352
543 942
544 556
544 775
545 674
546 763
547 629
548 872
548 936
549 865
549 550
549 705
549 1455
549 1427
551 641
551 1093
551 775
551 1426
551 1017
553 896
553 578
554 1026
554 1214
555 1472
556 763
557 1224
557 1395
558 928
558 1282
558 1269
558 665
559 610
559 1038
559 637
560 1441
560 1032
560 730
560 1244
560 1374
561 641
561 972
561 1486
561 1073
561 884
562 762
562 1061
564 985
564 625
565 1410
565 1424
566 1378
568 936
568 671
569 730
569 1140
570 1252
571 642
573 1044
573 1229
574 1314
574 772
574 667
576 847
576 1264
577 812
577 1185
578 1221
578 873
580 695
581 772
581 1093
581 1022
581 1452
581 916
581 1080
581 1348
581 1428
581 926
581 917
582 1414
582 858
582 1307
583 1283
583 613
583 1286
585 928
585 1266
585 850
586 738
586 774
586 1422
586 979
588 1002
588 593
588 1213
588 1022
590 1440
590 901
590 1000
590 1065
590 878
590 1096
590 1268
590 701
591 966
596 654
596 850
596 981
596 859
599 881
599 1035
599 1009
600 1064
600 1262
600 731
601 959
604 1036
604 907
604 624
604 920
605 1074
608 960
608 803
608 737
608 648
608 1321
608 621
608 1264
608 1074
608 1270
608 759
608 1176
608 1115
609 615
609 813
609 718
609 1037
609 1333
610 757
610 711
611 768
612 1070
612 764
613 1100
613 1142
613 1439
615 776
615 724
617 843
618 784
618 1200
620 1056
620 779
620 828
621 1409
622 837
622 633
622 1018
623 1039
624 1203
624 627
624 762
625 736
627 1376
629 1258
630 847
630 858
631 893
634 766
635 1059
635 1374
636 851
636 1494
636 703
637 1218
639 992
639 1058
639 746
639 813
639 1423
639 1105
639 822
639 728
639 767
641 808
641 970
641 1204
641 1209
641 986
643 1040
643 1395
643 692
644 709
645 1473
645 1373
646 894
648 1311
649 1168
649 723
650 1293
650 758
651 1058
651 1317
651 846
651 1141
651 1247
652 955
653 693
654 819
656 743
656 783
656 860
656 959
658 1081
658 1062
661 1425
661 1164
662 1003
664 965
666 1099
666 1071
666 1329
666 726
667 801
667 779
667 849
667 788
667 1044
667 701
668 1165
669 907
669 1166
669 821
670 1452
670 996
671 1130
673 893
674 812
675 1416
675 1452
675 1329
675 887
676 708
676 1391
676 785
678 1435
678 1473
679 1070
680 1162
681 754
681 981
681 1174
682 1488
682 1386
682 750
682 784
683 886
684 801
684 995
684 1104
686 1265
686 1111
687 780
687 1103
688 851
689 798
690 1387
690 692
692 1456
692 764
695 1053
696 1331
696 806
697 996
698 1471
700 976
700 1304
700 1360
700 1215
702 992
702 1217
702 1275
702 1358
702 1407
703 913
704 1153
705 1344
705 903
705 1264
705 785
705 1270
705 1431
705 1243
705 1214
706 1345
706 1075
706 1078
706 984
709 1222
710 1380
710 773
710 1012
712 1445
712 777
712 1230
712 1011
712 1272
712 795
713 1340
713 1126
714 1299
714 1459
714 884
715 1167
716 945
719 1483
720 1074
720 1488
721 1399
722 1237
724 1291
725 774
726 1170
727 774
728 831
729 1446
730 1098
730 870
731 895
732 1474
732 1131
732 763
733 964
735 1129
735 1172
735 1343
737 832
739 1111
739 1400
739 1212
741 1217
742 1117
744 1332
744 1095
745 1371
746 1154
748 1200
749 1100
749 889
750 1278
752 1444
752 1416
752 1004
753 1184
753 1005
753 1010
754 1121
754 1188
754 1299
755 1471
756 1034
759 1369
760 1156
763 782
765 1371
765 1045
766 1266
767 932
769 1417
770 1203
770 918
770 1243
770 1341
772 989
773 802
775 1322
777 1465
778 803
778 954
779 1036
779 1262
781 1324
781 1073
781 1308
781 863
782 1087
783 1196
784 886
784 1268
785 1327
785 848
785 1330
785 1240
786 834
787 1017
788 1425
789 1251
789 965
790 1472
790 1404
791 1322
792 1307
792 977
793 1344
793 993
793 1108
793 1397
793 916
794 802
794 881
794 1048
795 1047
796 1454
797 1377
797 1011
798 1088
798 835
798 1222
798 1289
798 1432
799 865
799 1187
799 1013
801 830
804 1193
804 1230
804 1327
804 1102
804 1239
805 960
808 1493
809 1326
809 1068
811 1345
813 875
815 1443
816 1153
816 1354
816 1232
817 1301
817 1465
817 885
818 981
820 1408
820 1487
820 1072
820 1464
820 947
820 1046
820 1050
823 1058
823 1142
824 874
824 1158
826 1008
826 1441
827 1166
830 1388
830 1043
830 1305
832 1034
832 941
833 902
834 933
834 1069
836 1303
839 1481
843 1367
843 1132
844 1490
845 1310
846 976
847 985
848 1143
849 959
851 980
851 1302
852 1085
852 1049
853 1292
853 1475
855 1148
856 1055
857 930
857 1478
857 1035
858 1430
861 1234
861 1204
861 984
864 1293
866 1362
868 1196
869 926
870 1167
873 1080
873 1268
875 1024
875 966
876 1216
877 1067
878 1210
880 1380
884 1285
885 1444
885 1012
886 1166
886 1221
889 1277
891 1019
897 1235
898 1014
899 997
899 1457
899 1430
900 1143
901 1462
901 918
902 1493
903 1438
904 1189
905 961
905 1233
905 1337
909 937
912 1312
912 1107
912 1242
914 1184
915 1447
916 1023
917 1245
919 1096
926 1249
928 1046
928 1129
928 1082
934 1332
934 1495
935 1353
937 962
939 1170
940 1399
942 1184
942 1205
945 1404
948 1405
951 997
952 1193
953 1256
953 1228
954 1315
955 985
959 1419
960 974
961 986
964 1442
964 999
965 1057
966 1282
968 1056
968 1091
970 1051
970 1004
972 1477
972 1383
975 1028
975 1137
976 1123
979 1389
980 1136
981 1027
982 1041
984 1280
985 1077
985 1463
985 1437
987 1401
988 1280
990 1378
991 1481
991 1423
991 1247
992 1353
994 1028
994 1242
994 1018
995 1052
996 1155
998 1445
1000 1461
1005 1259
1006 1267
1008 1302
1009 1152
1010 1134
1011 1347
1013 1053
1013 1086
1014 1476
1022 1423
1025 1498
1026 1078
1027 1030
1028 1122
1029 1090
1029 1287
1031 1353
1032 1080
1038 1247
1039 1181
1039 1446
1040 1140
1041 1194
1042 1456
1043 1060
1043 1254
1043 1373
1044 1088
1044 1456
1046 1349
1046 1062
1046 1384
1046 1289
1046 1381
1047 1497
1047 1095
1059 1276
1062 1296
1063 1064
1063 1092
1067 1351
1069 1302
1069 1071
1073 1474
1074 1363
1077 1475
1078 1271
1078 1373
1078 1118
1078 1215
1079 1090
1082 1467
1082 1206
1084 1346
1084 1194
1085 1167
1087 1133
1090 1267
1092 1364
1092 1274
1093 1312
1093 1249
1094 1375
1095 1105
1099 1221
1104 1163
1106 1263
1109 1114
1111 1251
1114 1183
1114 1491
1118 1457
1118 1136
1119 1440
1119 1393
1122 1332
1123 1195
1124 1318
1125 1489
1125 1421
1128 1239
1129 1261
1135 1260
1137 1362
1138 1419
1140 1173
1141 1413
1144 1411
1144 1261
1145 1165
1146 1476
1149 1285
1149 1257
1149 1458
1149 1360
1149 1372
1151 1169
1153 1220
1161 1366
1161 1173
1163 1246
1165 1256
1167 1390
1173 1189
1175 1401
1175 1366
1180 1383
1183 1276
1186 1490
1192 1474
1192 1348
1194 1422
1195 1248
1195 1449
1197 1227
1197 1262
1197 1403
1198 1236
1198 1467
1218 1370
1220 1491
1221 1338
1227 1488
1229 1298
1236 1346
1238 1329
1240 1496
1240 1259
1254 1356
1258 1278
1261 1480
1261 1382
1266 1383
1266 1270
1268 1498
1270 1382
1272 1451
1275 1411
1281 1290
1282 1384
1282 1330
1283 1294
1289 1460
1294 1381
1302 1319
1302 1361
1302 1426
1308 1443
1310 1414
1316 1342
1320 1410
1320 1447
1324 1379
1335 1470
1340 1367
1342 1369
1348 1376
1348 1486
1358 1360
1368 1497
1372 1388
1376 1422
1381 1483
1412 1464
1426 1440
1430 1482
1443 1482
1445 1484
1447 1484
1466 1498
